0.670828
1.2499
0.596372
1.37047
1.0773
1.2858
1.19219
0.868766
1.3739
1.2451
0.946046
0.853728
1.23252
0.760222
0.894294
1.27679
1.34504
1.07579
1.21554
0.583004
0.955825
0.609947
1.04523
0.890687
1.06859
1.45907
1.36772
0.66319
0.775509
0.760361
1.42409
0.935923
1.28946
0.627617
0.582206
1.44064
0.525575
0.654211
0.882182
0.654737
1.02933
1.37685
0.930611
0.763906
0.813594
1.27009
0.607391
1.27104
1.2052
0.71864
1.26179
0.911713
1.14883
1.42996
1.00242
1.18744
0.936091
1.1083
1.07656
1.13262
0.963426
1.13224
0.638295
1.46076
0.644375
0.946683
0.824584
1.45258
0.858184
0.898208
0.601282
1.45509
1.48462
1.07597
1.36591
0.649876
1.40915
1.15125
0.563861
1.455
1.46626
1.28554
1.30516
1.07125
0.782586
1.46255
1.07948
0.936859
0.875436
1.42341
0.528699
1.26886
1.22311
1.09097
0.925889
1.14214
1.24676
0.569019
0.553295
1.27431
1.2035
0.621266
0.803437
0.574508
1.18786
0.864956
1.22944
0.694586
0.654592
0.661792
1.33223
1.05094
0.817143
1.02774
0.933222
0.713678
1.2296
0.501369
1.0862
0.977438
1.43986
1.26216
0.627734
0.514778
0.999993
1.34477
1.35215
0.591008
1.35775
1.28893
1.07848
0.599489
1.32817
1.2472
1.40837
1.01214
1.38457
1.46195
1.06651
0.97389
0.917557
1.15035
1.3802
1.08593
0.722512
1.49935
0.659179
1.1956
1.20153
1.48621
1.1486
1.15488
1.3442
1.18177
1.47015
0.831658
1.30008
0.659364
1.36328
1.10276
0.919959
1.48136
1.3689
0.964037
0.746844
1.34464
1.34324
1.23651
0.632195
0.976805
1.28434
0.997593
1.06882
0.94406
0.535229
0.831848
0.92663
1.08257
0.588063
1.17489
1.08744
0.735708
1.24465
1.45835
1.36426
0.57443
1.03981
0.882815
0.501846
1.21661
0.553658
0.521045
1.25856
1.12896
1.43101
1.04794
0.914034
0.892961
0.697579
0.808084
0.670828
2.02023
1.52619
1.76646
0.734359
0.592507
0.717678
0.8576
1.62153
1.41571
0.955165
0.90771
1.50901
1.10889
0.921368
0.763123
0.566223
0.650771
1.57031
1.52336
1.77783
0.681268
0.339241
-0.0102599
0.645387
1.72233
1.96542
1.08167
0.810028
0.608245
1.36566
0.986533
1.20669
0.254553
0.130147
1.36215
1.06087
1.50583
1.38841
0.353027
0.096773
0.518032
0.791205
1.39549
1.66798
1.70479
0.418259
0.776024
0.858381
0.676817
1.3269
0.854873
1.02538
1.52482
1.4601
1.74194
1.07697
0.568935
0.167084
0.549297
1.20283
2.03926
1.51736
1.6619
0.0943249
0.155328
0.395211
1.57604
1.24662
1.1595
0.633789
1.46584
1.6565
1.2831
1.27566
0.121785
0.756464
0.939636
1.09033
2.40566
2.11943
1.11478
0.440239
0.189642
0.52897
1.9271
1.79312
1.34353
0.806595
1.14216
0.364497
1.26224
1.14985
0.807579
0.626871
1.2117
1.82931
1.31247
0.841075
0.776546
0.229517
-0.0915916
0.902372
1.38254
2.05377
1.15924
0.851097
0.0710755
0.287917
0.689251
1.50901
1.10917
0.78195
1.14841
1.32137
1.1098
1.19565
-0.11848
0.262345
0.611223
1.89486
2.24104
1.38755
0.487633
0.261431
0.512748
1.03116
0.88571
1.8814
1.59901
1.07748
0.521297
1.38178
1.33887
1.25656
0.528945
0.889326
1.44716
1.70591
1.86518
1.36122
0.749968
0.414811
0.294047
0.681143
2.15852
1.43983
1.52768
0.984776
1.06916
0.910448
1.14545
1.33265
1.01367
1.30911
0.997764
1.86598
1.25246
1.43773
0.461532
-0.0235983
0.964461
1.70541
1.89819
1.55427
1.44814
0.770417
0.523452
0.30571
1.12422
1.59127
1.15032
1.0721
1.03389
0.817134
1.07286
0.763043
0.448519
-0.09833
1.03249
1.71338
1.71469
1.82743
1.19199
0.477829
-0.23091
0.883439
1.36551
1.13292
1.52031
0.464405
0.324432
1.20244
1.14832
1.27655
0.656212
0.585118
1.03786
1.38352
1.58007
0.924925
0.516306
-0.124499
0.0221956
1.15328
2.12698
1.46856
1.41538
0.584623
0.104745
0.869821
0.786989
0.713544
1.32253
0.545606
1.45814
1.37496
1.47849
0.466953
0.156958
0.278214
0.998486
1.47087
2.31965
1.73328
1.10836
0.239672
0.0152532
0.773301
1.29376
1.42508
1.55721
1.40432
0.873508
1.20525
1.2153
0.873136
0.3539
0.690389
0.780668
2.00261
1.71515
1.65177
0.0974144
0.422624
0.724178
1.51734
1.78309
1.25839
0.849286
0.90844
0.250398
0.920976
0.735016
1.00868
1.16236
0.89527
1.32654
1.63118
1.23022
0.729331
0.763049
0.102
0.928168
1.21315
2.16879
2.04224
1.00224
0.519843
-0.00791464
0.426968
1.3481
1.30577
1.43506
0.927491
0.893284
1.06598
1.43998
0.467032
0.0327763
0.0255129
0.933607
1.48479
1.93077
1.23455
0.443353
0.265297
0.534728
1.1249
1.4032
1.79417
1.10778
0.786798
1.04281
1.07693
1.42205
0.906233
0.939667
0.173567
0.906087
1.92346
2.04391
1.30656
0.588054
0.259307
0.845199
0.995564
1.95387
1.78832
1.2324
0.482039
0.133474
0.581906
0.899929
0.972785
0.857352
0.732075
1.03819
1.75311
1.82242
0.970256
-0.267638
0.490287
0.868512
1.3176
1.51557
1.56573
0.860929
-0.0690709
0.460997
1.00352
1.0974
1.78809
1.38165
1.13044
0.681994
0.885286
1.36434
0.647247
0.534947
0.100569
1.29624
1.72176
2.10972
1.55963
0.631814
-0.195187
0.665204
0.764258
1.42408
1.17201
0.864915
0.49109
0.899962
1.06064
1.03773
0.861395
0.260657
0.402854
1.73228
1.40909
1.66867
0.717567
0.0168155
-0.238475
0.832805
1.04331
1.46311
1.9397
0.500152
0.65695
0.393068
1.23959
1.56769
0.607535
0.814417
1.45052
1.77824
1.33197
1.71806
0.177647
0.0243991
0.660141
0.972546
1.99877
2.03828
1.00729
0.253143
-0.121274
0.569425
1.49327
1.46488
1.82932
1.09481
0.911786
0.917092
1.38775
0.618854
0.292681
0.622148
0.439173
1.36179
1.42706
1.4099
0.944329
-0.172935
0.165873
0.0622994
1.08872
1.868
1.24914
0.80096
0.22499
0.318057
0.496263
0.654342
0.84808
0.992173
0.941946
1.4619
1.66912
0.986104
0.495223
-0.0916159
0.00652581
0.476997
1.30282
1.66273
1.09895
0.402896
0.633079
0.782894
1.35839
1.29118
1.1923
1.23921
1.03419
1.4904
1.81806
1.04505
0.733758
0.633144
0.862934
1.50694
2.11127
1.4628
1.47735
0.235503
0.0280279
0.349695
1.4715
1.70459
1.04072
0.703808
0.894928
1.04847
0.59233
0.976494
1.02804
0.215924
0.363184
1.85329
1.54642
1.26146
1.2686
0.433822
0.299389
0.843002
1.7464
2.15423
1.25298
0.591833
0.366287
0.917218
0.581822
1.19725
0.614878
0.82682
0.550733
1.41459
1.50773
1.39632
0.0806169
0.0197713
0.351212
0.913041
2.35446
1.79296
1.17438
0.965557
-0.234045
0.60527
1.36072
1.25858
1.78839
0.745946
0.913453
1.40778
0.816209
0.99699
0.280766
0.470476
0.993053
1.11735
1.9147
2.1573
0.751599
0.046156
-0.327247
0.519752
1.79314
2.1319
1.96791
0.586758
0.350435
1.21902
1.25461
1.33759
0.529404
0.330358
1.0469
1.35872
1.62273
1.23443
0.573026
0.284509
0.649265
0.987573
1.72907
2.36663
1.18746
0.627268
0.675541
0.44733
1.21414
1.04699
1.26864
1.34072
1.24305
1.63996
1.82335
0.856303
0.433399
0.251446
0.479669
1.80128
1.53717
1.75279
0.88778
0.512926
-0.0197488
0.625168
0.855658
1.78422
1.80163
0.670849
1.33883
0.530393
0.987451
0.599049
0.175642
0.0360078
0.81634
1.50202
2.06692
1.28323
1.01335
-0.333312
0.290825
0.866218
1.60781
1.47509
1.54839
0.437527
0.271912
1.09084
1.45315
0.54128
1.24039
0.458647
0.740719
1.5762
1.23147
1.51881
0.489174
0.0088387
0.21865
1.16391
2.36637
2.17758
1.42479
0.821762
0.681122
0.211984
1.07268
1.22568
1.08521
0.770729
0.683442
1.359
0.670828
1.2499
0.596372
1.37047
1.0773
1.2858
1.19219
0.868766
1.3739
1.2451
0.946046
0.853728
1.23252
0.760222
0.894294
1.27679
1.34504
1.07579
1.21554
0.583004
0.955825
0.609947
1.04523
0.890687
1.06859
1.45907
1.36772
0.66319
0.775509
0.760361
1.42409
0.935923
1.28946
0.627617
0.582206
1.44064
0.525575
0.654211
0.882182
0.654737
1.02933
1.37685
0.930611
0.763906
0.813594
1.27009
0.607391
1.27104
1.2052
0.71864
1.26179
0.911713
1.14883
1.42996
1.00242
1.18744
0.936091
1.1083
1.07656
1.13262
0.963426
1.13224
0.638295
1.46076
0.644375
0.946683
0.824584
1.45258
0.858184
0.898208
0.601282
1.45509
1.48462
1.07597
1.36591
0.649876
1.40915
1.15125
0.563861
1.455
1.46626
1.28554
1.30516
1.07125
0.782586
1.46255
1.07948
0.936859
0.875436
1.42341
0.528699
1.26886
1.22311
1.09097
0.925889
1.14214
1.24676
0.569019
0.553295
1.27431
1.2035
0.621266
0.803437
0.574508
1.18786
0.864956
1.22944
0.694586
0.654592
0.661792
1.33223
1.05094
0.817143
1.02774
0.933222
0.713678
1.2296
0.501369
1.0862
0.977438
1.43986
1.26216
0.627734
0.514778
0.999993
1.34477
1.35215
0.591008
1.35775
1.28893
1.07848
0.599489
1.32817
1.2472
1.40837
1.01214
1.38457
1.46195
1.06651
0.97389
0.917557
1.15035
1.3802
1.08593
0.722512
1.49935
0.659179
1.1956
1.20153
1.48621
1.1486
1.15488
1.3442
1.18177
1.47015
0.831658
1.30008
0.659364
1.36328
1.10276
0.919959
1.48136
1.3689
0.964037
0.746844
1.34464
1.34324
1.23651
0.632195
0.976805
1.28434
0.997593
1.06882
0.94406
0.535229
0.831848
0.92663
1.08257
0.588063
1.17489
1.08744
0.735708
1.24465
1.45835
1.36426
0.57443
1.03981
0.882815
0.501846
1.21661
0.553658
0.521045
1.25856
1.12896
1.43101
1.04794
0.914034
0.892961
0.697579
0.808084
0.70925
1.11109
0.87194
0.66065
0.960223
1.30298
0.683426
1.21794
0.976686
0.641754
1.13366
0.742563
0.62415
1.37148
0.60341
1.25441
0.88058
1.05674
0.578238
0.877375
1.12518
1.28962
0.92136
1.32424
1.05192
1.2282
0.988814
0.762184
0.997911
0.989567
0.991501
1.34957
1.4189
0.861959
1.04579
1.10453
1.10966
0.94082
1.20672
0.716151
1.26568
0.806387
1.28624
0.589791
1.3986
1.43359
1.46738
1.11855
0.566919
0.613031
1.13066
0.574215
1.05741
0.734204
1.11196
1.43455
1.0717
1.07426
0.964432
0.620854
0.736183
1.49861
1.05722
1.36378
0.78712
1.22994
1.32126
0.988733
1.09305
0.612161
0.6583
1.19907
1.09482
1.38299
0.931103
0.710078
0.682177
1.18749
0.718125
0.764462
0.7231
0.992656
0.767817
0.946055
0.736248
0.796789
1.15063
1.24976
1.19259
0.924891
1.25956
0.898396
0.873991
1.1411
1.03382
1.39919
1.15539
1.43067
0.509827
0.672447
1.14338
1.26604
1.17634
1.27049
1.25548
1.39594
0.717811
1.1366
1.09719
1.12232
0.865196
0.570919
0.752488
0.861101
0.98363
1.00371
0.789911
0.738712
1.16249
1.39769
1.17145
0.543182
1.33761
1.07203
0.683836
0.52644
0.975316
1.06317
0.667897
1.11044
1.14211
0.806392
1.45678
1.26595
1.136
0.5687
0.630653
1.25712
0.980318
1.21469
0.615266
1.14067
0.898349
1.20629
1.28396
1.20507
0.768541
1.28048
0.634142
0.776921
0.581254
0.71326
0.69609
1.11921
1.10672
1.04931
1.06754
0.625363
0.572011
1.38284
0.653276
1.06578
0.816622
0.834795
0.705592
1.17627
0.539739
0.542372
1.31596
0.56463
1.2078
0.909513
1.38785
1.43968
0.503021
0.850774
1.43843
1.49142
0.858718
1.47673
0.526344
0.841089
1.3462
0.938217
1.20352
1.0706
0.603465
0.680862
0.740223
1.18425
1.48511
1.01361
1.4009
0.966818
0.974358
0.907532
1.25849
0.615024
0.645866
1.19913
0.670828
1.94076
1.53739
2.00011
1.10275
0.84488
0.681752
0.602899
1.36135
1.25765
0.79401
0.608019
1.18533
1.14999
1.63579
1.94704
1.46705
0.487748
0.227268
-0.218541
0.79928
1.12003
1.82759
1.45327
1.17551
1.24464
1.14485
0.614391
0.801694
0.613277
0.994135
0.426239
1.10157
1.03449
1.45895
2.29258
0.817247
0.194293
-0.0352026
-0.154363
0.76432
1.68281
1.47207
1.15175
0.907792
1.23142
0.67809
1.49786
1.36276
0.510556
0.626796
0.158317
0.776289
1.75724
1.89888
2.13136
1.37
0.822855
0.331123
0.431101
0.675339
1.26077
0.901923
1.59033
0.625393
0.998151
1.14388
1.96521
1.21177
0.730077
-0.134605
0.526721
0.931751
1.2583
2.17054
1.57164
1.91352
1.03743
0.0543066
0.964314
1.25865
1.30573
1.30578
0.901354
0.5672
1.50419
1.56182
1.69373
1.44562
1.37537
-0.194681
0.269671
0.543103
1.10846
1.55371
1.92624
1.72065
0.576693
0.294454
1.06433
1.17467
0.627571
0.602932
0.115521
0.729965
0.806012
1.76767
1.61003
1.41143
0.774845
0.720218
0.0997279
0.101808
0.909894
1.3426
1.26671
1.56474
0.545557
1.04249
1.07013
1.66041
1.35186
0.320356
-0.173066
0.302507
1.12512
1.84087
1.55236
2.22546
1.55538
0.641774
-0.194199
0.689038
1.06584
1.60816
1.28162
1.48904
1.443
1.16153
1.33904
1.41368
1.40037
1.07099
0.266974
-0.161324
1.10405
1.01755
2.086
2.07321
1.85099
0.903691
0.597064
0.889117
1.03444
1.51581
0.816091
1.11874
0.486475
1.49817
1.66473
1.66627
1.92958
1.15003
0.128949
-0.229413
0.808468
1.53203
1.95855
1.39147
1.34948
1.19822
0.707618
0.879035
0.931611
0.514775
0.579929
0.453781
0.695478
0.664622
1.82905
2.01084
1.37085
1.17486
0.715575
0.411689
-0.0247072
1.0692
1.37783
1.04681
1.49123
0.552756
0.479321
1.37141
1.3322
1.44386
0.647025
0.195561
0.277032
0.641046
1.44325
1.70309
1.87346
0.963486
0.0898964
0.14626
0.745728
0.609769
1.47682
1.24081
0.720487
1.12171
0.88386
1.02497
1.83201
0.736804
0.810826
0.00509337
0.248129
0.354741
1.39941
2.07063
2.08255
1.13741
0.960774
0.467071
0.822283
0.901087
0.82542
0.963506
0.804784
0.87246
1.57872
2.04403
1.57136
1.35401
0.720033
0.190532
0.020566
0.831585
1.06762
2.05563
1.51592
1.54926
0.4185
1.09099
1.26943
1.46634
1.06543
0.268217
0.143042
0.831604
0.788147
1.80761
1.63406
1.60281
1.18402
0.223907
0.152493
0.499505
0.792414
1.29668
2.01716
1.26644
1.32437
0.753568
1.35921
1.49584
0.918248
0.608188
-0.112816
0.147314
1.31033
1.85616
2.37571
1.5627
0.625388
-0.00107727
0.381247
0.258693
0.795551
1.02747
1.24154
0.822108
0.948135
0.924367
1.22078
1.55681
1.25724
0.626333
0.0219058
0.5546
0.855031
1.54169
2.10919
1.72247
1.46271
0.689636
0.840061
0.163964
0.641159
1.21615
1.21191
0.997337
1.21525
1.57629
2.06474
1.3645
1.29135
0.558097
0.149904
0.0320717
0.368354
1.25253
1.69084
1.62095
1.15288
0.54473
0.426593
1.02734
1.40206
1.08118
0.204919
0.888149
0.875735
1.03211
1.34896
1.82051
1.39197
0.244965
0.186866
0.281866
0.488706
1.76063
1.87023
1.61173
0.71062
0.560535
1.23671
1.12049
1.34949
0.457928
0.585089
0.192055
0.820471
1.56188
2.06777
1.72646
1.7605
0.377967
0.00623717
-0.190232
0.363578
0.825312
1.45462
1.33219
1.0822
1.09028
0.85846
1.00479
1.71702
0.529809
0.393226
-0.0833528
0.258597
0.844491
1.96664
1.49759
1.10522
1.22855
0.0159243
0.631945
0.631612
1.40765
1.51426
0.430164
0.687599
1.455
1.89758
1.54933
2.03644
0.519319
0.163974
0.353257
0.220311
1.17903
1.70017
1.44411
1.22673
0.775608
0.878562
1.18068
0.908743
1.40404
0.836651
0.606186
0.496529
1.17649
1.08968
1.5139
1.96002
0.914701
0.449182
-0.401369
-0.121685
0.745933
1.00552
1.76474
0.935196
0.815437
0.987799
0.65719
0.908645
0.661372
0.402674
-0.0224927
-0.0187132
0.723345
1.65961
1.9129
1.94886
1.30932
0.163839
-0.0358561
0.0837212
0.599346
0.80215
0.950976
0.898283
0.623705
0.722351
1.60916
1.75254
1.67174
0.780874
0.212875
0.3349
0.581859
1.58471
2.36885
1.87904
1.59106
1.15927
0.743598
0.710848
1.01123
0.650852
1.36832
0.785811
0.820156
0.95754
1.75789
1.78601
1.00868
0.45003
0.266987
0.176405
-0.0152791
1.17545
2.07958
1.4806
0.941954
1.32591
0.365826
0.401234
1.39096
1.31358
1.03937
0.701648
0.826015
1.31382
1.32108
1.60309
1.52228
1.29783
-0.0564737
0.133397
-0.0332902
0.929904
1.02315
1.64323
1.31241
1.20087
0.426765
0.919604
1.14342
0.805375
1.16903
0.219473
0.276784
1.35967
1.16631
2.09157
2.08622
0.992328
0.909447
-0.178287
0.300347
1.17366
0.910724
1.38785
0.904917
1.12141
1.35737
0.990918
1.39245
1.57997
0.433198
0.0397965
-0.200503
0.61129
1.87504
2.34599
2.3296
0.872972
0.285226
0.787118
0.791892
1.24535
0.861086
0.684879
0.938681
0.746571
1.05953
1.41364
1.63712
1.55348
1.09774
0.111637
0.0397904
1.03631
1.12232
1.76343
2.09986
1.20321
1.05123
0.466724
0.902299
1.31358
1.1456
1.09517
1.03496
0.538813
1.14299
1.75362
1.79657
1.96087
0.382495
0.092605
-0.147682
0.678354
1.00191
1.63649
1.21637
1.51271
1.38496
0.529092
1.47717
0.65061
0.861107
0.294511
-0.0555836
0.0339332
0.9743
1.65702
2.16865
1.42669
1.26736
-0.0867815
0.285699
0.482603
1.00721
1.00957
1.47643
0.734188
0.713784
1.50034
1.81853
0.88109
1.39596
0.12091
-0.221157
0.360519
0.545544
1.99993
2.02877
1.6854
0.923356
0.450521
0.803646
0.88123
1.16359
1.47109
1.47456
0.510037
0.910387
1.14575
1.46922
1.36554
0.815607
0.637705
0.670828
1.2499
0.596372
1.37047
1.0773
1.2858
1.19219
0.868766
1.3739
1.2451
0.946046
0.853728
1.23252
0.760222
0.894294
1.27679
1.34504
1.07579
1.21554
0.583004
0.955825
0.609947
1.04523
0.890687
1.06859
1.45907
1.36772
0.66319
0.775509
0.760361
1.42409
0.935923
1.28946
0.627617
0.582206
1.44064
0.525575
0.654211
0.882182
0.654737
1.02933
1.37685
0.930611
0.763906
0.813594
1.27009
0.607391
1.27104
1.2052
0.71864
1.26179
0.911713
1.14883
1.42996
1.00242
1.18744
0.936091
1.1083
1.07656
1.13262
0.963426
1.13224
0.638295
1.46076
0.644375
0.946683
0.824584
1.45258
0.858184
0.898208
0.601282
1.45509
1.48462
1.07597
1.36591
0.649876
1.40915
1.15125
0.563861
1.455
1.46626
1.28554
1.30516
1.07125
0.782586
1.46255
1.07948
0.936859
0.875436
1.42341
0.528699
1.26886
1.22311
1.09097
0.925889
1.14214
1.24676
0.569019
0.553295
1.27431
1.2035
0.621266
0.803437
0.574508
1.18786
0.864956
1.22944
0.694586
0.654592
0.661792
1.33223
1.05094
0.817143
1.02774
0.933222
0.713678
1.2296
0.501369
1.0862
0.977438
1.43986
1.26216
0.627734
0.514778
0.999993
1.34477
1.35215
0.591008
1.35775
1.28893
1.07848
0.599489
1.32817
1.2472
1.40837
1.01214
1.38457
1.46195
1.06651
0.97389
0.917557
1.15035
1.3802
1.08593
0.722512
1.49935
0.659179
1.1956
1.20153
1.48621
1.1486
1.15488
1.3442
1.18177
1.47015
0.831658
1.30008
0.659364
1.36328
1.10276
0.919959
1.48136
1.3689
0.964037
0.746844
1.34464
1.34324
1.23651
0.632195
0.976805
1.28434
0.997593
1.06882
0.94406
0.535229
0.831848
0.92663
1.08257
0.588063
1.17489
1.08744
0.735708
1.24465
1.45835
1.36426
0.57443
1.03981
0.882815
0.501846
1.21661
0.553658
0.521045
1.25856
1.12896
1.43101
1.04794
0.914034
0.892961
0.697579
0.808084
0.70925
1.11109
0.87194
0.66065
0.960223
1.30298
0.683426
1.21794
0.976686
0.641754
1.13366
0.742563
0.62415
1.37148
0.60341
1.25441
0.88058
1.05674
0.578238
0.877375
1.12518
1.28962
0.92136
1.32424
1.05192
1.2282
0.988814
0.762184
0.997911
0.989567
0.991501
1.34957
1.4189
0.861959
1.04579
1.10453
1.10966
0.94082
1.20672
0.716151
1.26568
0.806387
1.28624
0.589791
1.3986
1.43359
1.46738
1.11855
0.566919
0.613031
1.13066
0.574215
1.05741
0.734204
1.11196
1.43455
1.0717
1.07426
0.964432
0.620854
0.736183
1.49861
1.05722
1.36378
0.78712
1.22994
1.32126
0.988733
1.09305
0.612161
0.6583
1.19907
1.09482
1.38299
0.931103
0.710078
0.682177
1.18749
0.718125
0.764462
0.7231
0.992656
0.767817
0.946055
0.736248
0.796789
1.15063
1.24976
1.19259
0.924891
1.25956
0.898396
0.873991
1.1411
1.03382
1.39919
1.15539
1.43067
0.509827
0.672447
1.14338
1.26604
1.17634
1.27049
1.25548
1.39594
0.717811
1.1366
1.09719
1.12232
0.865196
0.570919
0.752488
0.861101
0.98363
1.00371
0.789911
0.738712
1.16249
1.39769
1.17145
0.543182
1.33761
1.07203
0.683836
0.52644
0.975316
1.06317
0.667897
1.11044
1.14211
0.806392
1.45678
1.26595
1.136
0.5687
0.630653
1.25712
0.980318
1.21469
0.615266
1.14067
0.898349
1.20629
1.28396
1.20507
0.768541
1.28048
0.634142
0.776921
0.581254
0.71326
0.69609
1.11921
1.10672
1.04931
1.06754
0.625363
0.572011
1.38284
0.653276
1.06578
0.816622
0.834795
0.705592
1.17627
0.539739
0.542372
1.31596
0.56463
1.2078
0.909513
1.38785
1.43968
0.503021
0.850774
1.43843
1.49142
0.858718
1.47673
0.526344
0.841089
1.3462
0.938217
1.20352
1.0706
0.603465
0.680862
0.740223
1.18425
1.48511
1.01361
1.4009
0.966818
0.974358
0.907532
1.25849
0.615024
0.645866
1.19913
0.670828
1.96664
1.55622
1.96794
0.996284
0.684718
0.53247
0.546805
1.45662
1.5012
1.10931
0.868017
1.26407
0.981834
1.25497
1.48648
1.11214
0.401081
0.475156
0.29505
1.39076
1.55167
1.90813
1.12219
0.538296
0.540533
0.656259
0.552657
1.21571
1.3605
1.7893
0.951252
1.13389
0.541723
0.619378
1.43041
0.276214
0.1994
0.528219
0.756371
1.66784
2.2204
1.42455
0.529512
-0.0501046
0.312895
0.161692
1.58947
2.02857
1.4896
1.53424
0.638154
0.642334
1.06606
0.92585
1.25991
0.93915
0.994022
1.02717
1.37079
1.48789
1.63355
0.701852
0.91147
-0.254391
0.264572
0.834644
2.18306
1.85064
1.52509
0.503349
0.770642
0.709548
0.682122
1.4826
1.04201
1.73308
1.24885
0.546135
1.52622
1.67151
1.4279
1.12125
0.513664
0.14627
1.21208
1.48974
1.83504
1.71208
1.64488
-0.0228819
0.302313
0.460748
0.97689
1.44122
1.87009
1.71498
0.585728
0.281488
1.01919
1.12372
0.619852
0.679452
0.278181
0.928359
0.952167
1.77484
1.43852
1.0987
0.432303
0.493509
0.106644
0.374394
1.3682
1.81581
1.55732
1.53137
0.169629
0.447954
0.483522
1.32377
1.42223
0.797817
0.543809
0.982095
1.48951
1.72544
0.979377
1.40429
0.805552
0.267464
-0.0285427
1.34739
1.9697
2.40402
1.64921
1.2713
0.713336
0.199384
0.521897
1.06755
1.66855
1.85439
1.26097
0.652696
1.41651
0.704071
1.26939
1.07487
1.06325
0.634132
0.947296
1.71614
2.00946
2.25617
1.03685
0.743396
-0.326688
0.573272
0.990083
1.49672
2.31575
1.92446
0.978633
0.364549
0.927899
1.15141
1.24744
0.639475
0.847367
1.12447
1.06492
1.50346
1.56681
0.917938
0.61546
0.138199
0.178995
0.161355
1.52774
2.00349
1.6265
1.56507
1.07624
0.612346
-0.033508
0.890667
1.12859
0.834664
1.38615
0.564352
0.56535
1.46921
1.3948
1.4619
0.646579
0.214849
0.336461
0.724218
1.50075
1.67862
1.73927
0.745954
-0.130693
0.0269897
0.807946
0.864672
1.84831
1.58631
0.886183
1.01058
0.506598
0.508573
1.37768
0.540806
0.979711
0.50195
0.89575
0.898899
1.6096
1.83801
1.47333
0.376403
0.347876
0.257989
1.12129
1.61107
1.67844
1.6228
0.998968
0.507962
0.783635
1.12319
0.888369
1.18634
1.1454
1.05146
0.983104
1.51607
1.19985
1.57767
0.61141
0.572193
-0.246645
1.00001
1.78826
2.3899
2.02978
0.895289
0.190289
0.286709
-0.128526
0.882363
1.06103
1.59834
1.73764
1.10723
1.01404
1.00583
0.758397
0.753574
1.19322
0.490612
0.893775
0.818661
1.87139
2.23571
1.58968
0.957914
-0.198861
-0.31321
0.676958
1.3039
2.10809
1.65738
1.01403
0.506426
0.803932
0.446744
0.706115
0.729564
0.875489
0.534824
0.833637
0.993838
1.4113
1.77016
1.40799
0.676331
-0.0127954
0.485193
0.800865
1.52402
2.11217
1.7083
1.4009
0.583128
0.732396
0.121332
0.716852
1.41519
1.47554
1.21872
1.28314
1.4286
1.72695
0.952229
0.971151
0.479625
0.377268
0.505446
0.91622
1.65407
1.76569
1.30953
0.551786
-0.121557
-0.0370054
0.969087
1.79823
1.79758
0.968988
1.39356
0.906308
0.554386
0.533842
0.982005
0.865084
0.250666
0.738998
1.1754
1.37643
2.28936
1.82259
0.996159
-0.238008
-0.350263
0.72425
1.21246
2.01399
1.43606
1.4928
0.67236
0.685181
0.866042
1.0871
0.847066
1.32546
0.552152
0.713322
0.765552
1.1912
1.20525
1.24922
0.635731
0.178233
0.335276
0.539943
1.23082
2.38
1.35648
1.05801
0.171107
0.0249846
0.237944
1.24042
0.936793
0.913821
1.45483
0.54385
1.23771
1.07882
1.54042
1.31137
0.00138646
0.218472
1.12658
1.81592
1.71234
2.34804
0.840004
0.372822
0.393892
0.113272
0.999411
1.53496
1.35132
1.21504
0.81177
0.915301
1.18833
0.892947
1.40014
0.88432
0.718851
0.643518
1.2899
1.09527
1.3721
1.69616
0.620809
0.252022
-0.394984
0.121317
1.15791
1.4341
2.02959
0.904144
0.467901
0.435679
0.110097
0.593605
0.728086
0.854041
0.657143
0.627388
1.0705
1.54856
1.36261
1.15862
0.586265
-0.197554
0.125383
0.723822
1.47953
1.57839
1.30975
0.684241
-0.0930994
-0.224082
0.804286
1.41151
1.93774
1.55762
1.19961
1.14394
0.892383
1.27114
1.55205
0.8793
0.801293
0.889129
1.09691
1.54533
1.99628
1.39972
1.59143
0.403782
-0.00793301
0.0143401
1.06896
1.6131
1.40561
1.24679
1.14268
0.789569
0.107746
0.77968
1.33903
0.695696
0.416714
1.24905
0.742789
1.06166
2.06493
1.74274
1.07689
0.361961
0.267756
0.76709
0.991988
1.5954
1.80619
1.73459
0.351031
0.36254
-0.0437798
0.719453
0.723778
1.38225
1.17915
1.21639
0.547679
1.06981
1.25543
0.850371
1.16238
0.201777
0.282963
1.39424
1.19887
2.07543
1.9901
0.827424
0.735341
-0.27524
0.35244
1.39056
1.23168
1.69019
1.05136
1.02172
1.01686
0.521558
0.976928
1.39991
0.589969
0.502388
0.404903
1.12186
2.07267
2.12542
1.75094
0.148191
-0.299939
0.587373
1.07975
1.92962
1.68484
1.3227
1.12645
0.39146
0.284259
0.514349
0.969181
1.38977
1.51635
0.959514
0.98901
1.71211
1.25246
1.28877
1.20095
0.230988
0.388697
0.376643
1.42202
2.23947
2.11357
1.72522
1.08179
-0.0117997
0.215851
0.816572
1.21563
1.95709
0.947108
0.994494
0.733293
1.19672
0.96626
1.07685
0.366068
0.710575
0.939083
0.597403
2.01149
1.42408
1.56476
0.661799
-0.146948
-0.454166
0.300891
1.06773
1.88214
1.52917
1.68863
0.466184
0.748975
0.689932
0.907262
0.674582
1.0607
0.404049
0.580474
1.58306
2.04977
1.147
1.5905
0.188506
-0.271711
0.247742
0.437371
1.93882
2.01597
1.68935
0.906414
0.397977
0.737861
0.852105
1.21941
1.62501
1.68574
0.692205
0.967311
1.01904
1.17549
1.00275
0.531008
0.567585
0.670828
1.2499
0.596372
1.37047
1.0773
1.2858
1.19219
0.868766
1.3739
1.2451
0.946046
0.853728
1.23252
0.760222
0.894294
1.27679
1.34504
1.07579
1.21554
0.583004
0.955825
0.609947
1.04523
0.890687
1.06859
1.45907
1.36772
0.66319
0.775509
0.760361
1.42409
0.935923
1.28946
0.627617
0.582206
1.44064
0.525575
0.654211
0.882182
0.654737
1.02933
1.37685
0.930611
0.763906
0.813594
1.27009
0.607391
1.27104
1.2052
0.71864
1.26179
0.911713
1.14883
1.42996
1.00242
1.18744
0.936091
1.1083
1.07656
1.13262
0.963426
1.13224
0.638295
1.46076
0.644375
0.946683
0.824584
1.45258
0.858184
0.898208
0.601282
1.45509
1.48462
1.07597
1.36591
0.649876
1.40915
1.15125
0.563861
1.455
1.46626
1.28554
1.30516
1.07125
0.782586
1.46255
1.07948
0.936859
0.875436
1.42341
0.528699
1.26886
1.22311
1.09097
0.925889
1.14214
1.24676
0.569019
0.553295
1.27431
1.2035
0.621266
0.803437
0.574508
1.18786
0.864956
1.22944
0.694586
0.654592
0.661792
1.33223
1.05094
0.817143
1.02774
0.933222
0.713678
1.2296
0.501369
1.0862
0.977438
1.43986
1.26216
0.627734
0.514778
0.999993
1.34477
1.35215
0.591008
1.35775
1.28893
1.07848
0.599489
1.32817
1.2472
1.40837
1.01214
1.38457
1.46195
1.06651
0.97389
0.917557
1.15035
1.3802
1.08593
0.722512
1.49935
0.659179
1.1956
1.20153
1.48621
1.1486
1.15488
1.3442
1.18177
1.47015
0.831658
1.30008
0.659364
1.36328
1.10276
0.919959
1.48136
1.3689
0.964037
0.746844
1.34464
1.34324
1.23651
0.632195
0.976805
1.28434
0.997593
1.06882
0.94406
0.535229
0.831848
0.92663
1.08257
0.588063
1.17489
1.08744
0.735708
1.24465
1.45835
1.36426
0.57443
1.03981
0.882815
0.501846
1.21661
0.553658
0.521045
1.25856
1.12896
1.43101
1.04794
0.914034
0.892961
0.697579
0.808084
0.70925
1.11109
0.87194
0.66065
0.960223
1.30298
0.683426
1.21794
0.976686
0.641754
1.13366
0.742563
0.62415
1.37148
0.60341
1.25441
0.88058
1.05674
0.578238
0.877375
1.12518
1.28962
0.92136
1.32424
1.05192
1.2282
0.988814
0.762184
0.997911
0.989567
0.991501
1.34957
1.4189
0.861959
1.04579
1.10453
1.10966
0.94082
1.20672
0.716151
1.26568
0.806387
1.28624
0.589791
1.3986
1.43359
1.46738
1.11855
0.566919
0.613031
1.13066
0.574215
1.05741
0.734204
1.11196
1.43455
1.0717
1.07426
0.964432
0.620854
0.736183
1.49861
1.05722
1.36378
0.78712
1.22994
1.32126
0.988733
1.09305
0.612161
0.6583
1.19907
1.09482
1.38299
0.931103
0.710078
0.682177
1.18749
0.718125
0.764462
0.7231
0.992656
0.767817
0.946055
0.736248
0.796789
1.15063
1.24976
1.19259
0.924891
1.25956
0.898396
0.873991
1.1411
1.03382
1.39919
1.15539
1.43067
0.509827
0.672447
1.14338
1.26604
1.17634
1.27049
1.25548
1.39594
0.717811
1.1366
1.09719
1.12232
0.865196
0.570919
0.752488
0.861101
0.98363
1.00371
0.789911
0.738712
1.16249
1.39769
1.17145
0.543182
1.33761
1.07203
0.683836
0.52644
0.975316
1.06317
0.667897
1.11044
1.14211
0.806392
1.45678
1.26595
1.136
0.5687
0.630653
1.25712
0.980318
1.21469
0.615266
1.14067
0.898349
1.20629
1.28396
1.20507
0.768541
1.28048
0.634142
0.776921
0.581254
0.71326
0.69609
1.11921
1.10672
1.04931
1.06754
0.625363
0.572011
1.38284
0.653276
1.06578
0.816622
0.834795
0.705592
1.17627
0.539739
0.542372
1.31596
0.56463
1.2078
0.909513
1.38785
1.43968
0.503021
0.850774
1.43843
1.49142
0.858718
1.47673
0.526344
0.841089
1.3462
0.938217
1.20352
1.0706
0.603465
0.680862
0.740223
1.18425
1.48511
1.01361
1.4009
0.966818
0.974358
0.907532
1.25849
0.615024
0.645866
1.19913
0.670828
1.91672
1.5141
2.01358
1.17935
0.982882
0.844488
0.728196
1.38487
1.14155
0.548948
0.29833
0.912794
1.02008
1.71771
2.24239
1.90033
0.924548
0.516346
-0.192711
0.526831
0.614753
1.24131
0.97836
0.981178
1.41673
1.65041
1.30518
1.45766
1.01332
0.991159
0.000830903
0.374882
0.233938
0.846448
2.07806
1.08633
0.875151
0.846717
0.644765
1.21588
1.62956
0.919241
0.269141
-0.0227394
0.556019
0.482458
1.85291
2.16009
1.49575
1.48139
0.603701
0.66535
1.12338
0.945913
1.16734
0.706729
0.674092
0.743038
1.26784
1.66419
2.0819
1.29274
1.43029
-0.0265605
0.0711938
0.244042
1.38044
1.12288
1.15431
0.65456
1.41904
1.63943
1.56122
1.98528
0.974089
1.10895
0.289641
-0.401624
0.932022
1.64049
1.9604
2.01203
1.43325
0.76708
1.32953
1.09204
1.09687
0.91839
1.07771
-0.188408
0.551418
0.986798
1.55975
1.87129
2.02647
1.59877
0.299477
-0.0303161
0.799772
1.04204
0.643544
0.732121
0.291708
0.885549
0.897483
1.78763
1.58249
1.37422
0.757972
0.730334
0.117561
0.0935829
0.84734
1.22209
1.1181
1.44453
0.515765
1.14298
1.29589
1.95441
1.61853
0.456934
-0.237693
0.0290654
0.710378
1.41214
1.25736
2.18122
1.80308
1.12471
0.380379
1.16761
1.27855
1.46322
0.80264
0.814775
0.787249
0.744698
1.31353
1.8085
2.10502
1.86601
0.892875
0.081423
0.868639
0.364299
1.21595
1.26576
1.37335
0.921679
1.11738
1.75312
1.96684
2.21323
1.04666
0.799808
-0.28581
0.518333
0.793839
1.18831
2.0026
1.75343
1.06922
0.743987
1.50003
1.71844
1.58092
0.57414
0.358673
0.354589
0.281466
1.00291
1.55874
1.43646
1.49557
1.06981
0.820351
0.2689
1.05148
1.10963
0.637215
0.838042
0.870585
0.992755
0.782344
1.83707
1.86414
1.10919
1.12899
-0.0990977
-0.241273
0.813511
1.10397
1.5976
1.1102
0.801801
0.825725
0.964303
1.45763
1.43009
1.42408
0.494766
-0.250142
0.0267562
0.85826
0.890437
1.816
1.52497
0.870496
1.11456
0.752009
0.836073
1.65883
0.629711
0.78316
0.0356427
0.297717
0.388409
1.40389
2.05944
2.08679
1.18679
1.06396
0.600952
0.936239
0.935848
0.739602
0.756783
0.526994
0.612794
1.43682
2.09243
1.82327
1.74978
1.13959
0.490054
0.0820399
0.608099
0.607346
1.49382
1.03513
1.31947
0.53699
1.54322
1.92618
2.1204
1.4976
0.321307
-0.221225
0.14987
0.000140271
1.16987
1.36419
1.80479
1.80895
1.08066
0.966609
1.00194
0.809195
0.809387
1.1731
0.333848
0.606391
0.488797
1.64176
2.24191
1.89104
1.49376
0.396739
0.112207
0.738369
0.930202
1.39462
0.844032
0.401597
0.341511
1.17769
1.24972
1.66033
1.48843
1.15431
0.221137
0.0334309
-0.00558672
0.574249
1.39573
1.62332
1.39067
0.930446
1.31325
1.22574
1.41783
1.54611
0.914508
0.675851
0.173177
0.746909
0.505235
1.28865
1.94991
1.7954
1.25442
1.08363
1.1212
1.45035
0.7949
0.942189
0.522006
0.412758
0.485867
0.853837
1.61518
1.83053
1.5191
0.870021
0.191894
0.122795
0.859159
1.39913
1.21443
0.405713
1.07885
0.999141
1.06868
1.31666
1.75941
1.34166
0.225279
0.190257
0.28034
0.451577
1.67453
1.75161
1.50514
0.672191
0.632697
1.42474
1.38161
1.60105
0.603815
0.551819
-0.0387995
0.444029
1.15256
1.76511
1.64897
1.96038
0.815342
0.554263
0.291337
0.609096
0.732493
1.02922
0.693886
0.43129
0.644239
0.778747
1.3386
2.37504
1.30937
1.04123
0.212489
0.0897101
0.248511
1.12456
0.678449
0.579344
1.17756
0.469773
1.4548
1.56271
2.14467
1.81243
0.184173
-0.0311472
0.490906
0.998949
1.00922
2.03372
1.05894
1.07405
1.34032
0.964847
1.43985
1.39328
0.670009
0.237212
-0.108902
0.383395
1.23084
1.48228
2.31007
1.7794
1.2824
0.69397
0.841124
0.340166
0.599612
1.17738
0.510193
0.541033
0.142242
0.685597
1.55064
1.55181
1.8893
0.616214
0.173862
0.24212
0.0486033
0.622307
0.769701
0.848182
0.598761
0.571168
1.09864
1.71841
1.6616
1.49195
0.807811
-0.221511
-0.196583
0.173574
0.883096
1.16783
1.27437
1.08536
0.637944
0.588977
1.39733
1.54446
1.5314
0.734241
0.245647
0.406583
0.648569
1.62014
2.37437
1.87913
1.61692
1.2286
0.846491
0.808985
1.05203
0.591292
1.19856
0.541736
0.577738
0.809004
1.77718
1.99634
1.36552
0.848099
0.5714
0.268648
-0.192221
0.761126
1.54628
0.999653
0.682074
1.3939
0.764402
1.02025
2.03731
1.77201
1.14469
0.398098
0.192432
0.544091
0.66438
1.28248
1.65847
1.86432
0.76961
0.955916
0.514645
1.01445
0.603083
0.842777
0.384467
0.44634
0.0960831
1.12894
1.8338
1.75913
2.07906
0.789037
0.317169
0.853223
0.273668
1.10025
1.31713
0.694915
1.18005
0.572065
1.28662
2.07645
1.43941
1.37507
0.360022
0.225733
0.403401
0.285929
1.15859
1.88363
1.16629
0.958223
0.60506
1.04941
1.81596
1.82329
1.52461
0.0516329
-0.290508
0.630623
1.0873
1.87944
1.61739
1.31799
1.25461
0.662639
0.625086
0.786858
1.02768
1.15189
1.01529
0.349993
0.498487
1.55303
1.53036
1.94599
2.0233
0.919893
0.673582
0.123865
0.695664
1.28683
1.2778
1.31709
1.2602
0.696652
1.20082
1.72166
1.71528
1.87807
0.330854
0.0771048
-0.14763
0.66273
0.948945
1.5497
1.12771
1.47085
1.43301
0.68106
1.7039
0.882894
1.01097
0.288026
-0.245983
-0.303088
0.588419
1.35221
2.06293
1.58144
1.65854
0.430918
0.764648
0.755457
0.963154
0.637741
0.877495
0.0937662
0.244457
1.3705
2.09209
1.48959
2.15451
0.78472
0.122952
0.256534
0.00902543
1.19111
1.2045
1.11684
0.805961
0.836564
1.58055
1.80438
1.93406
1.83333
1.30187
-0.151021
-0.0314457
0.226007
0.87138
1.28775
1.28814
1.51141
0.670828
1.2499
0.596372
1.37047
1.0773
1.2858
1.19219
0.868766
1.3739
1.2451
0.946046
0.853728
1.23252
0.760222
0.894294
1.27679
1.34504
1.07579
1.21554
0.583004
0.955825
0.609947
1.04523
0.890687
1.06859
1.45907
1.36772
0.66319
0.775509
0.760361
1.42409
0.935923
1.28946
0.627617
0.582206
1.44064
0.525575
0.654211
0.882182
0.654737
1.02933
1.37685
0.930611
0.763906
0.813594
1.27009
0.607391
1.27104
1.2052
0.71864
1.26179
0.911713
1.14883
1.42996
1.00242
1.18744
0.936091
1.1083
1.07656
1.13262
0.963426
1.13224
0.638295
1.46076
0.644375
0.946683
0.824584
1.45258
0.858184
0.898208
0.601282
1.45509
1.48462
1.07597
1.36591
0.649876
1.40915
1.15125
0.563861
1.455
1.46626
1.28554
1.30516
1.07125
0.782586
1.46255
1.07948
0.936859
0.875436
1.42341
0.528699
1.26886
1.22311
1.09097
0.925889
1.14214
1.24676
0.569019
0.553295
1.27431
1.2035
0.621266
0.803437
0.574508
1.18786
0.864956
1.22944
0.694586
0.654592
0.661792
1.33223
1.05094
0.817143
1.02774
0.933222
0.713678
1.2296
0.501369
1.0862
0.977438
1.43986
1.26216
0.627734
0.514778
0.999993
1.34477
1.35215
0.591008
1.35775
1.28893
1.07848
0.599489
1.32817
1.2472
1.40837
1.01214
1.38457
1.46195
1.06651
0.97389
0.917557
1.15035
1.3802
1.08593
0.722512
1.49935
0.659179
1.1956
1.20153
1.48621
1.1486
1.15488
1.3442
1.18177
1.47015
0.831658
1.30008
0.659364
1.36328
1.10276
0.919959
1.48136
1.3689
0.964037
0.746844
1.34464
1.34324
1.23651
0.632195
0.976805
1.28434
0.997593
1.06882
0.94406
0.535229
0.831848
0.92663
1.08257
0.588063
1.17489
1.08744
0.735708
1.24465
1.45835
1.36426
0.57443
1.03981
0.882815
0.501846
1.21661
0.553658
0.521045
1.25856
1.12896
1.43101
1.04794
0.914034
0.892961
0.697579
0.808084

