-1.02917
-0.450098
-1.10363
-0.329535
-0.622696
-0.414201
-0.507806
-0.831234
-0.326096
-0.454905
-0.753954
-0.846272
-0.46748
-0.939778
-0.805706
-0.42321
-0.354965
-0.624212
-0.484461
-1.117
-0.744175
-1.09005
-0.654772
-0.809313
-0.631415
-0.240934
-0.332281
-1.03681
-0.924491
-0.939639
-0.275905
-0.764077
-0.410539
-1.07238
-1.11779
-0.259358
-1.17443
-1.04579
-0.817818
-1.04526
-0.670667
-0.323152
-0.769389
-0.936094
-0.886406
-0.429908
-1.09261
-0.428958
-0.494804
-0.98136
-0.438206
-0.788287
-0.551173
-0.270044
-0.697581
-0.512559
-0.763909
-0.591699
-0.623441
-0.567378
-0.736574
-0.567756
-1.06171
-0.239239
-1.05562
-0.753317
-0.875416
-0.247416
-0.841816
-0.801792
-1.09872
-0.244914
-0.215383
-0.62403
-0.334086
-1.05012
-0.29085
-0.548747
-1.13614
-0.245001
-0.233737
-0.414457
-0.394835
-0.628746
-0.917414
-0.237449
-0.620523
-0.763141
-0.824564
-0.276592
-1.1713
-0.43114
-0.476893
-0.609031
-0.774111
-0.557857
-0.453237
-1.13098
-1.14671
-0.425686
-0.496497
-1.07873
-0.896563
-1.12549
-0.51214
-0.835044
-0.470556
-1.00541
-1.04541
-1.03821
-0.367767
-0.649063
-0.882857
-0.672264
-0.766778
-0.986322
-0.470395
-1.19863
-0.613796
-0.722562
-0.260142
-0.437841
-1.07227
-1.18522
-0.700007
-0.355228
-0.347851
-1.10899
-0.342247
-0.411066
-0.621524
-1.10051
-0.371832
-0.452803
-0.291628
-0.687858
-0.315434
-0.238053
-0.633489
-0.72611
-0.782443
-0.549655
-0.319798
-0.614065
-0.977488
-0.200653
-1.04082
-0.504403
-0.498471
-0.213794
-1.02917
0.267718
-0.203945
0.152577
-0.727132
-0.785803
-0.735488
-0.838309
-0.39339
-0.836776
-1.30883
-1.09301
-0.041375
-0.000135265
0.0288659
-0.265857
-0.920455
-1.42569
-0.962597
-1.11441
-0.549006
-1.04548
-0.762334
-0.742699
-0.141404
0.482355
0.0786295
-1.35578
-1.84185
-1.83998
-0.569234
-0.366719
0.245636
-0.659641
-1.07249
-0.305737
-1.02769
-0.78243
-0.823955
-1.58592
-1.52759
-0.898797
-0.593526
-0.09961
0.0195451
-0.0407145
-1.32769
-0.909641
-0.786897
-1.01381
-0.495637
-1.11281
-0.993088
-0.375637
-0.168111
0.427546
-0.0444136
-0.608104
-1.33129
-1.417
-1.16775
-0.468205
-0.766104
-0.110057
-1.096
-0.64878
-0.406678
0.374545
-0.588167
-1.26155
-2.06207
-1.06847
-0.35316
-0.0759009
0.403101
-0.637949
-0.299137
-0.67141
-1.07837
-0.0800668
-0.324009
-0.97791
-1.17682
-1.04731
-0.575382
0.687063
0.253253
-0.497425
-1.20237
-0.857945
-1.50393
-0.457853
-0.494845
-0.856574
-1.10064
-0.540254
0.145631
-0.228075
-0.567977
-0.618448
-1.32558
-1.94147
-1.24626
-0.906895
-0.111988
-0.634569
-0.470092
-0.895314
-0.626819
-0.532376
-0.264532
-1.22156
-1.85326
-1.38536
-0.734493
-0.296845
0.32013
-0.821179
-0.704594
-0.937268
-0.290306
-0.353452
-1.21594
-1.73686
-1.38127
-0.611237
0.141632
-0.132276
0.461491
-0.293384
-1.14504
-1.76527
-0.715503
-0.44204
-0.245012
-0.846983
-0.533337
-0.122187
-0.00136816
0.105565
-0.361952
-0.911609
-1.24138
-1.45218
-1.21422
0.151585
-0.541195
-0.253732
-0.487351
-0.12909
-0.205552
-0.161065
-0.387274
-1.17017
-1.16879
-1.44331
-0.192392
-0.228363
0.473851
-0.288931
-0.977292
-0.53278
-0.439205
-0.707669
-1.11759
-0.864131
-0.91949
-0.56113
-0.45733
0.267023
0.283252
-0.74953
-1.29389
-1.47903
-1.4865
-0.790042
-0.643587
-0.685667
-1.23645
-0.340956
0.0170017
-0.232076
-0.201291
-0.756326
-1.31527
-1.90112
-0.757803
-0.325458
-0.613147
-0.209858
-1.15621
-1.14683
-0.183085
-0.305085
-0.411916
-1.34717
-1.65783
-1.224
-0.62423
0.0165549
-0.196857
-0.381913
-1.1488
-1.45123
-0.907644
-0.395773
-1.16967
-0.922592
-1.15871
-1.01087
0.132733
0.00721568
-0.511174
-0.548176
-1.88267
-1.19573
-1.08515
-0.472158
-0.898191
-0.806576
-0.628326
-0.190651
-0.184633
0.236345
-0.558949
-1.11453
-1.71049
-1.61518
-0.641668
-0.0827715
-0.0603822
-0.0856077
-0.342593
-0.879807
-0.489308
-0.435115
-0.815713
-1.46073
-1.26763
-1.23198
0.100449
0.0780544
0.325743
-1.03211
-0.754311
-0.765242
-0.435268
-0.575907
-1.24575
-1.4413
-0.878003
-0.954831
0.108972
-0.0636181
-0.179715
-0.655689
-1.51351
-1.3675
-0.912664
-0.795671
-0.644723
-0.116175
-0.653011
-0.113917
-0.382379
0.0100674
-0.4436
-1.45082
-1.58674
-1.63609
-0.813017
0.249716
0.0770245
-0.0943528
-0.909203
-1.11937
-0.9432
-0.437569
-1.25713
-1.60883
-1.63042
-0.785461
-0.26353
0.243613
-0.314823
-0.974923
-1.13391
-1.01673
-0.714919
-0.73408
-0.488804
-1.06035
-1.01762
-0.292219
0.100501
0.506516
-0.306026
-0.818571
-2.14335
-1.72374
-0.616278
-0.0266408
-0.116454
-0.297581
-0.442312
-0.10998
-0.536217
-0.217728
-0.802202
-1.37839
-1.75718
-1.52404
-0.549856
0.0130743
-0.033926
-0.548676
-1.1508
-1.18358
-0.541206
-0.286554
-0.820016
-1.77155
-0.880268
-0.544522
-0.243441
-0.189323
-0.198521
-0.871025
-1.73834
-1.19718
-0.737637
-0.788533
-0.21039
-0.596935
-0.656442
-0.801055
-0.323655
0.243811
-0.654666
-1.17301
-2.06972
-1.1735
-0.721087
0.0399814
0.0631467
-0.344363
-0.948344
-0.279956
-0.717146
-0.705009
-1.42618
-1.81088
-1.83482
-0.806646
-0.0356413
0.273513
0.0138379
-1.03187
-1.48332
-0.628349
-1.10896
-0.647535
-1.15877
-1.39747
-1.37115
-0.296068
-0.318423
-0.225292
-0.00668522
-1.53541
-1.30121
-1.40724
-0.431266
-0.0675274
-1.07441
-0.924994
-0.279375
0.151124
-0.149008
0.325157
-1.27631
-1.65691
-1.3318
-1.26072
-0.26067
0.0238076
-0.569211
-0.88148
-1.0255
-0.450539
0.0328685
-0.580483
-0.683026
-1.54352
-1.43704
-0.842771
0.257904
-0.123233
-0.480408
-0.587457
-1.41534
-1.05701
-1.22845
-1.06189
-1.0221
-1.55023
-0.800489
-0.836849
-0.0869649
0.225074
-0.828582
-1.49496
-2.00833
-1.64346
-1.14054
-0.759063
-0.520387
-0.483573
-0.694999
-0.286113
-0.0913904
-0.717401
-1.16057
-1.77899
-1.80039
-1.47135
-0.70378
-0.240834
-0.546783
-0.934723
-0.504769
-0.394257
-0.122375
-0.647833
-1.15497
-1.26129
-1.26318
-0.310355
0.59785
0.22486
-0.0619802
-0.542397
-0.938391
-0.889345
-0.580602
-1.09027
-0.564682
-1.15377
-0.858203
-0.400929
0.44277
0.124668
-1.10774
-1.7818
-1.56754
-1.07204
-1.0472
-0.266861
-0.0646231
-1.00156
-1.15559
0.0211723
-0.46966
-0.75671
-0.618208
-1.29469
-1.33942
-0.804837
0.0358727
0.409816
-0.437357
-0.966198
-1.06128
-0.486464
-0.966312
-0.632717
-1.51104
-1.44947
-1.61943
-0.400185
0.158918
0.409665
-0.836056
-1.18343
-1.39184
-1.38993
-0.269659
-0.752403
-0.910661
-0.473893
-1.13008
-0.0956333
0.417037
-0.256513
-0.369409
-1.84025
-1.70432
-0.846066
-0.856278
-0.142873
-0.603741
-0.525126
-0.399016
-0.75573
-0.30599
-0.144547
-1.36909
-1.7537
-1.83382
-0.845668
0.389705
0.579344
0.26571
-1.18188
-1.39023
-0.45808
-0.405854
-0.398776
-1.34721
-1.65955
-0.928963
-0.433344
0.128916
0.0147229
-0.552308
-1.01313
-1.04693
-1.16915
-0.732275
-0.0776507
-0.893356
-0.884821
-0.313129
-0.308868
0.277187
-0.418718
-0.844789
-1.24948
-1.43634
-0.699378
0.0999984
-0.251945
-0.33236
-0.586742
-0.797411
-0.0709986
-0.817744
-0.770078
-1.44088
-1.37698
-1.44199
-0.506316
-0.26413
0.434276
0.121482
-1.27485
-0.703383
-1.43764
-0.820292
-1.07276
-1.45377
-1.63693
-0.916223
-0.227309
0.433557
-0.207415
-0.387109
-1.78811
-1.38361
-1.11439
-0.615654
-0.781616
-0.472475
-1.15178
-0.875625
0.180332
0.437175
-0.90633
-0.789409
-2.04305
-1.89734
-0.783178
-0.544839
0.374558
-0.258259
-0.757904
-0.975996
-0.674293
-0.0426231
-0.47921
-1.05846
-1.16048
-0.708574
-0.757554
0.180653
0.0634054
-0.544943
-1.30108
-1.61588
-0.884639
-0.605465
-0.751575
-0.965036
-0.774517
-0.915292
-0.168632
-0.173465
-0.370027
-0.472772
-1.4311
-1.23744
-0.76898
-0.29466
-0.490786
-0.0950167
-1.00406
-0.352771
0.0843486
-0.320425
-0.752636
-1.43103
-1.64661
-1.37115
-1.16979
-0.0782729
0.0689689
-0.579246
-0.766169
-1.13877
-0.584707
-0.79907
-0.433658
-1.20469
-1.61312
-0.991195
-0.578031
0.417248
-0.259251
-0.243328
-1.18426
-1.43038
-1.36814
-0.478572
-0.699842
-0.676401
-0.588322
-0.251688
-0.0813796
0.566148
-0.675554
-1.3801
-1.43182
-1.26501
-0.534008
-0.443681
0.123089
-0.624118
-0.52203
-0.876036
-0.332133
-0.587759
-0.808642
-1.47086
-1.28162
-1.4012
-0.243866
0.15905
-0.0293652
0.013569
-0.527504
-1.19614
-0.416057
-0.187308
-0.615128
-1.5758
-1.60964
-0.796045
-0.28317
0.777286
0.226412
-0.648793
-1.41791
-1.48257
-1.30574
-0.179931
-0.220467
-1.29767
-1.26433
-0.71933
0.320234
0.533026
-0.283565
-1.28136
-1.30398
-1.66228
-0.316
-0.658629
-0.370564
-0.114002
-1.17121
-1.02917
-0.450098
-1.10363
-0.329535
-0.622696
-0.414201
-0.507806
-0.831234
-0.326096
-0.454905
-0.753954
-0.846272
-0.46748
-0.939778
-0.805706
-0.42321
-0.354965
-0.624212
-0.484461
-1.117
-0.744175
-1.09005
-0.654772
-0.809313
-0.631415
-0.240934
-0.332281
-1.03681
-0.924491
-0.939639
-0.275905
-0.764077
-0.410539
-1.07238
-1.11779
-0.259358
-1.17443
-1.04579
-0.817818
-1.04526
-0.670667
-0.323152
-0.769389
-0.936094
-0.886406
-0.429908
-1.09261
-0.428958
-0.494804
-0.98136
-0.438206
-0.788287
-0.551173
-0.270044
-0.697581
-0.512559
-0.763909
-0.591699
-0.623441
-0.567378
-0.736574
-0.567756
-1.06171
-0.239239
-1.05562
-0.753317
-0.875416
-0.247416
-0.841816
-0.801792
-1.09872
-0.244914
-0.215383
-0.62403
-0.334086
-1.05012
-0.29085
-0.548747
-1.13614
-0.245001
-0.233737
-0.414457
-0.394835
-0.628746
-0.917414
-0.237449
-0.620523
-0.763141
-0.824564
-0.276592
-1.1713
-0.43114
-0.476893
-0.609031
-0.774111
-0.557857
-0.453237
-1.13098
-1.14671
-0.425686
-0.496497
-1.07873
-0.896563
-1.12549
-0.51214
-0.835044
-0.470556
-1.00541
-1.04541
-1.03821
-0.367767
-0.649063
-0.882857
-0.672264
-0.766778
-0.986322
-0.470395
-1.19863
-0.613796
-0.722562
-0.260142
-0.437841
-1.07227
-1.18522
-0.700007
-0.355228
-0.347851
-1.10899
-0.342247
-0.411066
-0.621524
-1.10051
-0.371832
-0.452803
-0.291628
-0.687858
-0.315434
-0.238053
-0.633489
-0.72611
-0.782443
-0.549655
-0.319798
-0.614065
-0.977488
-0.200653
-1.04082
-0.504403
-0.498471
-0.213794
-0.551402
-0.545119
-0.355796
-0.51823
-0.229852
-0.868342
-0.399918
-1.04064
-0.336721
-0.597243
-0.780041
-0.218643
-0.331103
-0.735963
-0.953156
-0.355361
-0.356757
-0.463493
-1.06781
-0.723195
-0.415663
-0.702407
-0.631182
-0.75594
-1.16477
-0.868152
-0.77337
-0.61743
-1.11194
-0.525112
-0.612564
-0.964292
-0.455354
-0.241646
-0.335745
-1.12557
-0.66019
-0.817185
-1.19815
-0.483386
-1.14634
-1.17896
-0.441439
-0.57104
-0.268986
-0.652059
-0.785966
-0.807039
-1.00242
-0.891916
-0.99075
-0.588909
-0.82806
-1.03935
-0.739777
-0.39702
-1.01657
-0.482062
-0.723314
-1.05825
-0.566341
-0.957437
-1.07585
-0.328521
-1.09659
-0.445593
-0.81942
-0.643264
-1.12176
-0.822625
-0.574816
-0.410378
-0.77864
-0.375756
-0.648083
-0.471799
-0.711186
-0.937816
-0.702089
-0.710433
-0.708499
-0.350428
-0.281102
-0.838041
-0.654209
-0.595468
-0.590342
-0.75918
-0.493279
-0.983849
-0.434321
-0.893613
-0.413755
-1.11021
-0.301404
-0.266411
-0.232618
-0.581454
-1.13308
-1.08697
-0.569345
-1.12578
-0.642593
-0.965796
-0.588038
-0.265448
-0.628298
-0.625741
-0.735568
-1.07915
-0.963817
-0.201392
-0.64278
-0.336221
-0.91288
-0.470056
-0.378742
-0.711267
-0.606953
-1.08784
-1.0417
-0.500933
-0.605179
-0.317007
-0.768897
-0.989922
-1.01782
-0.512515
-0.981875
-0.935538
-0.9769
-0.707344
-0.932183
-0.753945
-0.963752
-0.903211
-0.549369
-0.450236
-0.50741
-0.775109
-0.440444
-0.801604
-0.826009
-0.558903
-0.666181
-0.300812
-0.544609
-0.269333
-1.19017
-1.02755
-1.02917
0.293601
-0.185117
0.120404
-0.833597
-0.945965
-0.884769
-0.894403
-0.298116
-0.593233
-0.993533
-0.833006
0.0373668
-0.168287
-0.35195
-0.726418
-1.27537
-1.51236
-0.714709
-0.600821
0.0424734
-0.613835
-0.681801
-1.07378
-0.778614
-0.22175
-0.409958
-1.41751
-1.42784
-1.09276
0.22593
0.158294
0.277956
-1.1524
-1.91205
-1.16791
-1.56872
-0.777323
-0.260533
-0.675185
-0.624067
-0.361205
-0.641046
-0.721851
-0.938352
-0.959241
-1.84409
-0.81803
-0.121096
-0.0347757
0.411806
-0.632976
-1.12704
-1.06681
-1.14114
-0.443897
-0.475261
-0.436938
-0.635237
-0.477311
-0.355196
-0.0954252
-0.966175
-0.788919
-1.97578
-1.38236
-0.715918
0.592399
0.0506966
-0.466537
-1.42411
-0.824545
-0.575362
-0.652082
-0.284832
-1.16757
-0.479576
-0.459988
-0.586546
0.48184
0.0888528
-0.855743
-1.36135
-1.435
-0.996313
0.39495
0.181171
-0.356114
-0.935905
-0.588434
-1.33213
-0.425211
-0.5772
-0.988145
-1.21313
-0.596406
0.139961
-0.219039
-0.580942
-0.663582
-1.37653
-1.94919
-1.16974
-0.744236
0.0864063
-0.488414
-0.462925
-1.06683
-0.939555
-0.874919
-0.491241
-1.21464
-1.58068
-0.927052
-0.261277
-0.00623638
0.286754
-1.19711
-1.29913
-1.52387
-0.626941
-0.283086
-0.738482
-1.01999
-0.701684
-0.246842
0.0261944
-0.705259
-0.359679
-1.04321
-1.51936
-1.59961
-0.0571504
0.461829
0.550852
-0.479397
-0.751069
-0.851848
-0.963511
-0.711576
-0.708083
-0.643429
-0.457979
-0.458184
-0.400204
0.464042
-0.854672
-1.07034
-1.48568
-0.916831
-0.475111
0.189167
0.439749
-0.195141
-0.428434
-1.22255
-0.567739
-1.04153
-0.451044
-0.963577
-1.14684
-0.146612
0.335218
0.142016
-0.523625
-0.7447
-1.30011
-1.27223
-1.20933
-0.235085
0.209503
-0.392233
-0.669472
-0.843831
-1.08334
-0.754511
-0.959169
-1.20215
-1.73971
-0.642265
0.00965177
0.023581
0.188919
-0.395663
-1.11461
-1.90992
-0.936336
-0.574699
-0.825294
-0.314935
-1.14462
-1.0608
-0.0852802
-0.242488
-0.393872
-1.34761
-1.63854
-1.16458
-0.541059
0.0740579
-0.221329
-0.516101
-1.36633
-1.67182
-1.02691
-0.333555
-0.914767
-0.551102
-0.813211
-0.845175
0.0216039
-0.370046
-1.02757
-1.0025
-2.07867
-1.02684
-0.588297
0.175462
-0.354033
-0.596381
-0.860939
-0.799867
-0.945644
-0.376553
-0.768031
-0.815517
-1.00051
-0.762162
0.0176283
0.111413
-0.42488
-0.880696
-1.26344
-1.5628
-0.656976
-0.00975022
0.0452163
-0.498189
-0.583145
-1.09974
-0.377506
-0.826452
-0.651324
-1.69725
-0.84529
-0.24642
0.488294
0.388442
-0.618682
-1.39405
-1.4229
-1.8715
-0.816278
-0.636652
-0.184181
-0.102065
-0.630191
-0.505959
-0.406343
-0.829688
-1.18783
-0.940112
-1.42884
-0.544513
-0.317287
0.522252
0.296268
-0.779391
-1.23702
-1.72214
-1.27354
-0.383652
-0.475244
-0.361973
-0.814524
-0.730732
-0.435697
-0.0148849
-1.06908
-1.69827
-1.92833
-1.15151
-0.550814
0.129115
-0.245352
-0.784411
-0.920564
-0.865978
-0.664921
-0.768781
-0.55821
-1.11451
-1.03529
-0.28924
0.0863275
0.444699
-0.412534
-0.926236
-2.18598
-1.64805
-0.417233
0.236985
0.104927
-0.229688
-0.59
-0.447771
-0.948492
-0.537929
-0.880673
-1.15103
-1.28381
-0.97618
-0.148316
0.0879235
-0.345343
-1.14977
-1.81709
-1.64718
-0.599455
0.109615
-0.103611
-1.00748
-0.374853
-0.513949
-0.721164
-1.00444
-1.03702
-1.39791
-1.73263
-0.645052
0.155899
0.0991923
0.318337
-0.644569
-1.27201
-1.74968
-1.23445
-0.268653
-0.562696
-0.508506
-1.09159
-0.26579
-0.240782
-0.095309
-0.632691
-1.32504
-1.82773
-0.715003
-0.542962
0.00207537
-0.470393
-0.98326
-1.45488
-1.01205
-0.732101
-0.630458
-0.741163
-1.35039
-1.25728
0.0346349
-0.282286
0.0172541
-0.904313
-1.63108
-1.9777
-1.02229
-0.879217
-0.416693
0.219602
-1.00749
-0.695448
-0.960035
-0.298492
-0.270417
-1.50319
-1.39412
-0.607787
0.0694674
0.0140023
0.636751
-0.95562
-1.44806
-1.29116
-1.36776
-0.44029
-0.141397
-0.662
-0.893166
-0.989335
-0.413801
0.0405195
-0.596279
-0.686929
-1.49585
-1.32437
-0.695782
0.371316
-0.117639
-0.622213
-0.851323
-1.70923
-1.25416
-1.22206
-0.818886
-0.610127
-1.12164
-0.535647
-0.867901
-0.434501
-0.327046
-1.37568
-1.81
-1.94161
-1.1921
-0.460902
-0.112962
-0.173237
-0.594628
-1.24529
-1.07635
-0.814443
-1.07879
-0.999332
-1.13889
-0.920208
-0.695108
-0.345006
-0.454875
-1.26359
-1.88116
-1.30964
-0.735287
0.143624
0.128915
-0.16824
-0.452247
-0.952655
-0.623929
-0.218951
-0.77488
-0.851745
-0.812534
-0.585076
-0.0548614
0.404442
-0.341398
-0.341571
-1.5358
-1.68629
-1.34413
-0.246165
-0.0482376
-0.710811
-0.985041
-0.691846
-0.458876
-0.924176
-0.662625
-0.805175
-1.78646
-1.68083
-0.0556859
-0.0926978
-0.0962819
0.0557673
-0.865527
-1.3019
-1.14453
-0.522387
-0.136915
-0.766447
-0.973884
-0.777359
-0.0497081
-0.558807
-0.403574
-1.52153
-1.65992
-1.91881
-0.661165
0.0256629
0.425188
-0.715142
-1.03322
-1.27983
-1.34493
-0.276305
-0.770099
-0.904482
-0.439328
-1.09753
-0.11178
0.320912
-0.421417
-0.543516
-1.9372
-1.65223
-0.629174
-0.535326
0.159469
-0.457295
-0.624818
-0.739523
-1.22509
-0.721516
-0.324611
-1.21232
-1.29111
-1.22842
-0.335094
0.587333
0.358777
-0.312946
-1.90666
-1.97539
-0.657825
-0.117993
0.285497
-0.52346
-1.02173
-0.741198
-0.788455
-0.646352
-0.884573
-1.22025
-1.17684
-0.628319
-0.321276
0.216944
0.598152
-0.763216
-1.35948
-1.21204
-1.28109
-0.385349
-0.508798
-0.325064
-0.32359
-0.468369
-0.0693262
0.14682
-0.802558
-1.2595
-1.52379
-1.37835
-0.0747823
-0.253132
0.131811
-0.559903
-0.85862
-1.47765
-1.06595
-1.11443
-0.36786
-0.32439
-1.20654
-0.169066
-0.664169
-0.116634
-0.705475
-1.54513
-2.12503
-1.58963
-0.816603
0.147052
-0.104933
0.0341626
-1.23515
-0.92033
-0.907059
-0.715598
-1.1166
-0.888208
-1.48192
-1.00894
0.263056
0.66841
-0.640416
-0.594861
-1.97545
-1.94789
-0.895955
-0.653012
0.313444
-0.271056
-0.753957
-0.992938
-0.726837
-0.108408
-0.508335
-1.00264
-1.00656
-0.497387
-0.575386
0.237576
-0.0633133
-0.83868
-1.66387
-1.90048
-0.954759
-0.399358
-0.31984
-0.462382
-0.404208
-0.84628
-0.459409
-0.736647
-0.996553
-0.910065
-1.48575
-0.860329
-0.0855162
0.436085
-0.00641435
-0.0662342
-1.4653
-1.14103
-0.728031
-0.831638
-0.746391
-0.89184
-0.772907
-0.501818
-0.651458
-0.125859
-0.538108
-1.51582
-1.66657
-1.6458
-0.492659
-0.137826
0.540701
-0.299367
-1.13376
-1.12743
-1.27649
-0.568186
-1.144
-0.681283
-1.00755
-0.714326
-0.39907
0.361675
-0.313889
-0.886567
-1.30035
-1.17719
-0.855564
0.239327
-0.441967
-0.694911
-0.575914
-0.575367
-0.269806
-0.68807
-0.512076
-1.3865
-1.11231
-1.07778
-0.0915838
-0.0252503
-0.1608
-0.990674
-1.13869
-1.62193
-0.71251
-0.356888
-0.393061
-0.0773467
-0.343203
-0.840293
-0.0451489
0.0579176
-0.566701
-1.70728
-1.83681
-1.01346
-0.412263
0.759703
0.289668
-0.562425
-1.35752
-1.46322
-1.3059
-0.161326
-0.158157
-1.2025
-1.18393
-0.715243
0.208623
0.31883
-0.527971
-1.44845
-1.29822
-1.44964
0.0484144
-0.275909
-0.132206
-0.142565
-1.48928
-1.02917
-0.450098
-1.10363
-0.329535
-0.622696
-0.414201
-0.507806
-0.831234
-0.326096
-0.454905
-0.753954
-0.846272
-0.46748
-0.939778
-0.805706
-0.42321
-0.354965
-0.624212
-0.484461
-1.117
-0.744175
-1.09005
-0.654772
-0.809313
-0.631415
-0.240934
-0.332281
-1.03681
-0.924491
-0.939639
-0.275905
-0.764077
-0.410539
-1.07238
-1.11779
-0.259358
-1.17443
-1.04579
-0.817818
-1.04526
-0.670667
-0.323152
-0.769389
-0.936094
-0.886406
-0.429908
-1.09261
-0.428958
-0.494804
-0.98136
-0.438206
-0.788287
-0.551173
-0.270044
-0.697581
-0.512559
-0.763909
-0.591699
-0.623441
-0.567378
-0.736574
-0.567756
-1.06171
-0.239239
-1.05562
-0.753317
-0.875416
-0.247416
-0.841816
-0.801792
-1.09872
-0.244914
-0.215383
-0.62403
-0.334086
-1.05012
-0.29085
-0.548747
-1.13614
-0.245001
-0.233737
-0.414457
-0.394835
-0.628746
-0.917414
-0.237449
-0.620523
-0.763141
-0.824564
-0.276592
-1.1713
-0.43114
-0.476893
-0.609031
-0.774111
-0.557857
-0.453237
-1.13098
-1.14671
-0.425686
-0.496497
-1.07873
-0.896563
-1.12549
-0.51214
-0.835044
-0.470556
-1.00541
-1.04541
-1.03821
-0.367767
-0.649063
-0.882857
-0.672264
-0.766778
-0.986322
-0.470395
-1.19863
-0.613796
-0.722562
-0.260142
-0.437841
-1.07227
-1.18522
-0.700007
-0.355228
-0.347851
-1.10899
-0.342247
-0.411066
-0.621524
-1.10051
-0.371832
-0.452803
-0.291628
-0.687858
-0.315434
-0.238053
-0.633489
-0.72611
-0.782443
-0.549655
-0.319798
-0.614065
-0.977488
-0.200653
-1.04082
-0.504403
-0.498471
-0.213794
-0.551402
-0.545119
-0.355796
-0.51823
-0.229852
-0.868342
-0.399918
-1.04064
-0.336721
-0.597243
-0.780041
-0.218643
-0.331103
-0.735963
-0.953156
-0.355361
-0.356757
-0.463493
-1.06781
-0.723195
-0.415663
-0.702407
-0.631182
-0.75594
-1.16477
-0.868152
-0.77337
-0.61743
-1.11194
-0.525112
-0.612564
-0.964292
-0.455354
-0.241646
-0.335745
-1.12557
-0.66019
-0.817185
-1.19815
-0.483386
-1.14634
-1.17896
-0.441439
-0.57104
-0.268986
-0.652059
-0.785966
-0.807039
-1.00242
-0.891916
-0.99075
-0.588909
-0.82806
-1.03935
-0.739777
-0.39702
-1.01657
-0.482062
-0.723314
-1.05825
-0.566341
-0.957437
-1.07585
-0.328521
-1.09659
-0.445593
-0.81942
-0.643264
-1.12176
-0.822625
-0.574816
-0.410378
-0.77864
-0.375756
-0.648083
-0.471799
-0.711186
-0.937816
-0.702089
-0.710433
-0.708499
-0.350428
-0.281102
-0.838041
-0.654209
-0.595468
-0.590342
-0.75918
-0.493279
-0.983849
-0.434321
-0.893613
-0.413755
-1.11021
-0.301404
-0.266411
-0.232618
-0.581454
-1.13308
-1.08697
-0.569345
-1.12578
-0.642593
-0.965796
-0.588038
-0.265448
-0.628298
-0.625741
-0.735568
-1.07915
-0.963817
-0.201392
-0.64278
-0.336221
-0.91288
-0.470056
-0.378742
-0.711267
-0.606953
-1.08784
-1.0417
-0.500933
-0.605179
-0.317007
-0.768897
-0.989922
-1.01782
-0.512515
-0.981875
-0.935538
-0.9769
-0.707344
-0.932183
-0.753945
-0.963752
-0.903211
-0.549369
-0.450236
-0.50741
-0.775109
-0.440444
-0.801604
-0.826009
-0.558903
-0.666181
-0.300812
-0.544609
-0.269333
-1.19017
-1.02755
-1.02917
0.243681
-0.227238
0.166047
-0.650528
-0.647801
-0.572751
-0.713012
-0.369864
-0.95288
-1.55389
-1.40269
-0.313912
-0.13004
0.110787
0.029497
-0.487181
-0.988892
-0.673519
-1.08858
-0.821456
-1.55076
-1.34861
-1.21761
-0.335732
0.654444
0.58419
-0.664992
-1.18589
-1.43993
-0.57221
-0.792127
-0.481057
-1.46019
-1.68498
-0.520258
-0.758606
-0.101572
0.0579644
-0.786791
-1.07603
-0.952039
-1.14636
-0.982222
-0.910987
-0.716117
-1.52332
-0.554588
0.0104294
-0.0286202
0.358961
-0.667429
-1.10403
-1.00949
-1.12108
-0.536475
-0.707682
-0.756867
-0.919371
-0.580269
-0.178896
0.352924
-0.375283
-0.270099
-1.74795
-1.57574
-1.30652
-0.210218
-0.677066
-0.837309
-1.2729
-0.176148
0.354518
0.227012
0.217846
-1.2355
-1.10371
-1.4192
-1.5343
-0.11236
0.0578287
-0.323238
-0.470573
-0.515413
-0.375503
0.512407
-0.216533
-1.09428
-1.72959
-1.15561
-1.49766
-0.176106
-0.0511498
-0.405281
-0.783062
-0.440024
0.0237434
-0.50529
-0.892747
-0.883003
-1.45821
-1.9255
-1.11707
-0.730709
0.0435959
-0.543097
-0.450134
-0.922855
-0.664034
-0.54925
-0.254416
-1.20373
-1.86149
-1.44791
-0.855001
-0.445457
0.199923
-0.850971
-0.604113
-0.711509
0.00369847
-0.0867794
-1.07937
-1.80149
-1.65471
-1.02598
-0.287104
-0.427277
0.417247
-0.0456836
-0.662109
-1.19069
-0.236927
-0.229324
-0.389948
-1.32596
-1.2076
-0.777935
-0.418197
0.0800584
0.0328731
-0.206959
-0.446363
-0.826277
-0.971477
-0.0838291
-1.19444
-1.12378
-1.2948
-0.606736
-0.187564
0.35925
0.476726
-0.237759
-0.471368
-1.21274
-0.511326
-1.00065
-0.505982
-1.15982
-1.45525
-0.459756
0.164192
0.232605
-0.144186
-0.172568
-0.733081
-0.938755
-1.27466
-0.723779
-0.560379
-1.17568
-1.17001
-0.851902
-0.564823
0.125596
-0.0275627
-0.560794
-1.63217
-1.11852
-0.884203
-0.965708
-0.538108
-0.601316
-0.734201
-1.09407
0.0100649
0.160851
-0.550772
-0.572094
-1.80807
-1.86742
-0.740983
-0.533319
-0.258178
-0.883988
-1.05159
-0.675311
-0.300973
0.030938
-0.469862
-0.831288
-1.61752
-1.79127
-1.02715
-0.283241
-0.889003
-0.583417
-0.874554
-0.860861
0.125585
-0.124636
-0.700068
-0.721353
-1.98976
-1.2234
-1.0546
-0.42257
-0.864523
-0.802096
-0.639513
-0.186412
-0.135256
0.339527
-0.425067
-1.00057
-1.67573
-1.701
-0.848392
-0.360561
-0.320048
-0.227512
-0.294197
-0.62789
-0.0935363
-0.0155588
-0.51619
-1.39925
-1.49112
-1.69225
-0.461357
-0.402733
0.0959543
-0.913616
-0.302078
-0.108498
0.218787
-0.143741
-1.19266
-1.80556
-1.55974
-1.74284
-0.528768
-0.333491
0.0222722
-0.030759
-0.656763
-0.553385
-0.410231
-0.778889
-1.13201
-0.960239
-1.5856
-0.831896
-0.647151
0.292619
0.302469
-0.478033
-0.701167
-1.12654
-0.848123
-0.322242
-0.848938
-1.07544
-1.62788
-1.34316
-0.600612
0.358871
-0.266104
-0.744056
-1.16946
-0.872685
-0.8645
-0.671092
-1.24478
-1.62146
-1.295
-0.650651
0.0494215
0.17446
0.269842
-0.689635
-1.14147
-0.855297
-0.707461
-0.280346
-0.822484
-0.911724
-1.80208
-1.07625
0.117478
0.556848
0.140625
-0.429195
-0.897399
-0.72437
-1.10582
-0.566891
-0.838293
-1.11554
-1.30339
-1.03856
-0.187201
0.152763
-0.135775
-0.831533
-1.50364
-1.48738
-0.709383
-0.289484
-0.686761
-1.57076
-0.689565
-0.421116
-0.206874
-0.221622
-0.259618
-0.921332
-1.75802
-1.19379
-0.739163
-0.825663
-0.296489
-0.715552
-0.763028
-0.839484
-0.251493
0.431841
-0.393544
-0.921443
-1.92383
-1.20677
-0.951942
-0.336461
-0.346168
-0.647018
-1.02583
-0.0800798
-0.279772
-0.156984
-0.944607
-1.56537
-1.92764
-1.23205
-0.673945
-0.3774
-0.4322
-1.11158
-1.1495
0.0296702
-0.329395
0.000472118
-0.86293
-1.56636
-1.96713
-1.13815
-1.13756
-0.751169
-0.0576725
-1.08157
-0.478354
-0.47614
0.30576
0.23064
-1.3204
-1.64374
-1.24346
-0.747506
-0.689122
0.322431
-0.736689
-0.74684
-0.344734
-0.516188
0.00015132
-0.28308
-1.34331
-1.871
-1.91001
-0.945707
0.0830305
-0.00694207
0.223007
-0.600772
-0.760824
-0.64533
-0.0774643
-0.872742
-1.3947
-1.3701
-1.81984
-0.965154
-0.684838
-0.254606
-0.217395
-1.00393
-0.675938
-1.15583
-0.72854
-0.520605
-1.43717
-1.7813
-1.9
-1.19796
-0.519284
-0.169182
-0.145087
-0.424774
-0.9463
-0.743027
-0.592897
-1.10275
-1.3213
-1.68913
-1.51664
-1.10567
-0.380389
-0.0537598
-0.532543
-1.0681
-0.716592
-0.60234
-0.262719
-0.694466
-1.1222
-1.18961
-1.19647
-0.274925
0.603368
0.224954
-0.0361177
-0.473061
-0.835498
-0.791208
-0.539807
-1.14983
-0.734436
-1.39784
-1.10062
-0.549464
0.462058
0.334993
-0.750906
-1.38373
-1.26313
-0.979797
-1.22414
-0.68118
-0.597924
-1.48251
-1.41547
0.0891576
-0.071084
-0.137699
0.0281473
-0.836263
-1.23411
-1.10839
-0.59771
-0.359914
-1.09405
-1.2868
-0.925082
0.0800186
-0.140229
0.189802
-0.963102
-1.36492
-2.0395
-1.20063
-0.769024
-0.344867
-1.16674
-0.974088
-0.701457
-0.436167
0.640367
-0.182839
-0.870276
-0.980341
-2.02272
-1.08695
-0.352055
-0.553926
-0.0988052
-1.08989
-0.718047
0.0567172
-0.327592
-0.15565
-1.14864
-1.4208
-1.35299
-1.46072
-0.53985
0.15911
-0.635996
-0.835277
-1.02826
-0.407543
0.330628
0.0566476
-0.53928
-2.00322
-1.96596
-0.614576
-0.110447
0.235318
-0.590903
-1.02644
-0.613031
-0.517276
-0.305525
-0.612063
-1.16175
-1.41472
-1.12938
-0.930797
-0.273578
0.43907
-0.485313
-0.702262
-0.389692
-0.592189
-0.100464
-0.761576
-1.05142
-1.27623
-1.30414
-0.477456
0.325236
-0.0941063
-0.274532
-0.6187
-0.878702
-0.153804
-0.869386
-0.785579
-1.44083
-1.39261
-1.49496
-0.593099
-0.352791
0.392414
0.169534
-1.12288
-0.476656
-1.20536
-0.670433
-1.07925
-1.64416
-1.97396
-1.3021
-0.532126
0.327834
-0.052668
0.00407862
-1.27042
-0.904657
-0.841534
-0.659706
-1.15345
-1.07141
-1.7922
-1.34495
0.0504914
0.710733
-0.297828
-0.0308562
-1.37924
-1.55323
-0.887164
-1.08136
-0.434263
-1.08253
-1.32647
-1.09339
-0.28825
0.734277
0.443936
-0.287991
-0.798233
-0.881259
-1.41861
-0.76118
-0.856342
-1.14278
-1.37887
-1.14335
-0.0109293
0.388379
0.0407127
-0.631551
-1.00834
-1.64055
-1.14994
-1.09301
-0.931465
-0.497616
-0.916006
-0.353785
0.194614
0.438124
-0.22053
-0.366029
-1.71918
-1.27369
-0.742981
-0.791898
-0.72703
-0.930664
-0.84554
-0.534451
-0.565094
0.110635
-0.201624
-1.20429
-1.53176
-1.79575
-0.930488
-0.740595
-0.0117629
-0.57374
-0.98489
-0.563249
-0.47104
0.193212
-0.71836
-0.774385
-1.61491
-1.6355
-1.30614
-0.197028
-0.311164
-0.31428
-0.361531
-0.21125
-0.21107
0.335114
-0.917644
-1.55592
-1.50194
-1.23516
-0.444135
-0.345169
0.191335
-0.597609
-0.520942
-0.869577
-0.295063
-0.517396
-0.730434
-1.42922
-1.3193
-1.53595
-0.453022
-0.0621674
-0.17924
0.00846267
-0.356362
-0.879051
-0.0432435
0.116585
-0.497228
-1.70916
-1.9777
-1.29734
-0.758778
0.492861
0.247489
-0.303549
-0.839752
-0.849414
-0.827011
-0.0266914
-0.464383
-1.88053
-2.01041
-1.38868
-0.0460809
0.605368
0.222607
-0.491005
-0.479575
-1.07455
-0.166553
-1.01048
-1.12284
-1.03074
-1.95602
-1.02917
-0.450098
-1.10363
-0.329535
-0.622696
-0.414201
-0.507806
-0.831234
-0.326096
-0.454905
-0.753954
-0.846272
-0.46748
-0.939778
-0.805706
-0.42321
-0.354965
-0.624212
-0.484461
-1.117
-0.744175
-1.09005
-0.654772
-0.809313
-0.631415
-0.240934
-0.332281
-1.03681
-0.924491
-0.939639
-0.275905
-0.764077
-0.410539
-1.07238
-1.11779
-0.259358
-1.17443
-1.04579
-0.817818
-1.04526
-0.670667
-0.323152
-0.769389
-0.936094
-0.886406
-0.429908
-1.09261
-0.428958
-0.494804
-0.98136
-0.438206
-0.788287
-0.551173
-0.270044
-0.697581
-0.512559
-0.763909
-0.591699
-0.623441
-0.567378
-0.736574
-0.567756
-1.06171
-0.239239
-1.05562
-0.753317
-0.875416
-0.247416
-0.841816
-0.801792
-1.09872
-0.244914
-0.215383
-0.62403
-0.334086
-1.05012
-0.29085
-0.548747
-1.13614
-0.245001
-0.233737
-0.414457
-0.394835
-0.628746
-0.917414
-0.237449
-0.620523
-0.763141
-0.824564
-0.276592
-1.1713
-0.43114
-0.476893
-0.609031
-0.774111
-0.557857
-0.453237
-1.13098
-1.14671
-0.425686
-0.496497
-1.07873
-0.896563
-1.12549
-0.51214
-0.835044
-0.470556
-1.00541
-1.04541
-1.03821
-0.367767
-0.649063
-0.882857
-0.672264
-0.766778
-0.986322
-0.470395
-1.19863
-0.613796
-0.722562
-0.260142
-0.437841
-1.07227
-1.18522
-0.700007
-0.355228
-0.347851
-1.10899
-0.342247
-0.411066
-0.621524
-1.10051
-0.371832
-0.452803
-0.291628
-0.687858
-0.315434
-0.238053
-0.633489
-0.72611
-0.782443
-0.549655
-0.319798
-0.614065
-0.977488
-0.200653
-1.04082
-0.504403
-0.498471
-0.213794
-0.551402
-0.545119
-0.355796
-0.51823
-0.229852
-0.868342
-0.399918
-1.04064
-0.336721
-0.597243
-0.780041
-0.218643
-0.331103
-0.735963
-0.953156
-0.355361
-0.356757
-0.463493
-1.06781
-0.723195
-0.415663
-0.702407
-0.631182
-0.75594
-1.16477
-0.868152
-0.77337
-0.61743
-1.11194
-0.525112
-0.612564
-0.964292
-0.455354
-0.241646
-0.335745
-1.12557
-0.66019
-0.817185
-1.19815
-0.483386
-1.14634
-1.17896
-0.441439
-0.57104
-0.268986
-0.652059
-0.785966
-0.807039
-1.00242
-0.891916
-0.99075
-0.588909
-0.82806
-1.03935
-0.739777
-0.39702
-1.01657
-0.482062
-0.723314
-1.05825
-0.566341
-0.957437
-1.07585
-0.328521
-1.09659
-0.445593
-0.81942
-0.643264
-1.12176
-0.822625
-0.574816
-0.410378
-0.77864
-0.375756
-0.648083
-0.471799
-0.711186
-0.937816
-0.702089
-0.710433
-0.708499
-0.350428
-0.281102
-0.838041
-0.654209
-0.595468
-0.590342
-0.75918
-0.493279
-0.983849
-0.434321
-0.893613
-0.413755
-1.11021
-0.301404
-0.266411
-0.232618
-0.581454
-1.13308
-1.08697
-0.569345
-1.12578
-0.642593
-0.965796
-0.588038
-0.265448
-0.628298
-0.625741
-0.735568
-1.07915
-0.963817
-0.201392
-0.64278
-0.336221
-0.91288
-0.470056
-0.378742
-0.711267
-0.606953
-1.08784
-1.0417
-0.500933
-0.605179
-0.317007
-0.768897
-0.989922
-1.01782
-0.512515
-0.981875
-0.935538
-0.9769
-0.707344
-0.932183
-0.753945
-0.963752
-0.903211
-0.549369
-0.450236
-0.50741
-0.775109
-0.440444
-0.801604
-0.826009
-0.558903
-0.666181
-0.300812
-0.544609
-0.269333
-1.19017
-1.02755
-1.02917
0.216722
-0.185903
0.313579
-0.520647
-0.717118
-0.855512
-0.971804
-0.315127
-0.558449
-1.15105
-1.40167
-0.787206
-0.679919
0.0177093
0.542395
0.200329
-0.775452
-1.18365
-1.89271
-1.17317
-1.08525
-0.458686
-0.72164
-0.718822
-0.283273
-0.0495937
-0.394824
-0.242343
-0.686679
-0.708841
-1.69917
-1.32512
-1.46606
-0.853552
0.378058
-0.613669
-0.824849
-0.853283
-1.05523
-0.484117
-0.0704367
-0.780759
-1.43086
-1.72274
-1.14398
-1.21754
0.15291
0.460091
-0.204249
-0.218606
-1.0963
-1.03465
-0.576621
-0.754087
-0.532665
-0.993271
-1.02591
-0.956962
-0.432165
-0.0358053
0.381904
-0.407256
-0.26971
-1.72656
-1.62881
-1.45596
-0.319556
-0.577125
-0.545686
-1.04544
-0.28096
-0.0605717
-0.138784
0.285281
-0.725911
-0.591053
-1.41036
-2.10162
-0.767978
-0.0595145
0.260401
0.312028
-0.266752
-0.93292
-0.370467
-0.607964
-0.603125
-0.78161
-0.622289
-1.88841
-1.14858
-0.713202
-0.140247
0.171286
0.326471
-0.101234
-1.40052
-1.73032
-0.900228
-0.657957
-1.05646
-0.967879
-1.40829
-0.814451
-0.802517
0.0876267
-0.117508
-0.325782
-0.942028
-0.969666
-1.58244
-1.60642
-0.85266
-0.477912
-0.581901
-0.255465
-1.18423
-0.557025
-0.404112
0.254409
-0.081466
-1.24307
-1.93769
-1.67093
-0.989622
-0.287862
-0.442641
0.48122
0.10308
-0.575289
-1.31962
-0.532386
-0.421449
-0.23678
-0.89736
-0.885225
-0.912751
-0.955302
-0.386469
0.108503
0.40502
0.166006
-0.807125
-1.61858
-0.831361
-1.3357
-0.484049
-0.434241
-0.32665
-0.778321
-0.582621
0.0531176
0.266843
0.513234
-0.653341
-0.900192
-1.98581
-1.18167
-0.906161
-0.51169
0.302601
0.0534295
-0.630778
-0.956013
-0.19997
0.018439
-0.119079
-1.12586
-1.34133
-1.34541
-1.41853
-0.697086
-0.141263
-0.263545
-0.204433
-0.630195
-0.879649
-1.4311
-0.648516
-0.590369
-1.06279
-0.861958
-0.829415
-0.707245
-0.917656
0.137068
0.164135
-0.590814
-0.571006
-1.7991
-1.94127
-0.886489
-0.59603
-0.102404
-0.589795
-0.898199
-0.874275
-0.735697
-0.242372
-0.269911
-0.275918
-1.20523
-1.95014
-1.67324
-0.84174
-0.809563
0.115997
-0.175034
-0.829504
-0.58544
-0.947991
-0.863927
-0.041172
-1.07029
-0.91684
-1.66436
-1.40228
-1.31159
-0.296113
0.359438
0.386787
-0.513209
-0.636045
-1.09905
-0.763761
-0.764152
-0.960398
-0.943217
-1.17301
-1.08721
-0.263181
0.392427
0.123274
0.0497803
-0.560411
-1.20995
-1.61796
-1.0919
-1.09265
-0.206177
-0.664871
-0.380529
-1.16301
-0.15678
0.226178
0.420396
-0.202401
-1.37869
-1.92122
-1.55013
-1.69986
-0.530126
-0.335812
0.104793
0.108949
-0.619341
-0.733391
-0.698062
-0.890805
-0.890613
-0.526904
-1.36615
-1.09361
-1.2112
-0.0582388
0.541912
0.191037
-0.206235
-1.30326
-1.58779
-0.961631
-0.769798
-0.30538
-0.855968
-1.2984
-1.35849
-0.522313
-0.450283
-0.0396722
-0.211569
-0.545686
-1.47886
-1.66657
-1.70559
-1.12575
-0.304272
-0.0766805
-0.309326
-0.769554
-0.386755
-0.474258
-0.282166
-0.153892
-0.785492
-1.02415
-1.52682
-0.953091
-1.19476
-0.411349
0.249906
0.0954029
-0.445584
-0.616367
-0.5788
-0.249645
-0.9051
-0.757811
-1.17799
-1.28724
-1.21413
-0.846163
-0.0848187
0.130532
-0.180898
-0.829979
-1.50811
-1.57721
-0.840841
-0.300871
-0.485567
-1.29429
-0.621148
-0.700859
-0.631324
-0.38334
0.0594095
-0.358341
-1.47472
-1.50974
-1.41966
-1.24842
-0.0254664
0.0516109
-0.194856
-1.02781
-1.0673
-0.275255
-0.318389
-0.098946
-1.09618
-1.14818
-1.7388
-1.25597
-0.547435
0.0651135
-0.0510286
0.26038
-0.884658
-1.14574
-1.40866
-1.0909
-0.967507
-0.670782
-1.00611
-1.26871
-1.05576
-0.921253
-0.3614
0.67504
-0.390627
-0.658767
-1.48751
-1.61029
-1.45149
-0.575439
-1.02155
-1.12066
-0.522441
-1.23023
-0.245195
-0.13729
0.444674
0.112429
-1.51583
-1.73115
-1.20909
-0.701051
-0.690781
0.333719
-0.641065
-0.625954
-0.359679
-0.735153
-0.260148
-0.306721
-1.02999
-1.46279
-1.8089
-1.31661
-0.469162
-0.217716
0.610073
0.079396
-0.4176
-1.00603
-0.858876
-1.35983
-1.10039
-0.522623
-1.18981
-1.15897
-1.55776
-1.0144
-0.14936
-0.148187
0.189296
-1.08379
-1.52614
-1.45788
-1.6514
-1.07769
-0.930299
-0.851818
-1.10124
-1.12883
-0.601356
0.0184105
-0.0384018
-0.208053
-0.892189
-1.92151
-1.89658
-1.52643
-0.816904
-0.532167
-0.425633
-0.614643
-1.06206
-1.11102
-0.302666
-0.155539
-0.1686
-0.965759
-1.45435
-1.29342
-1.05143
-0.0798598
0.674371
0.179134
-0.0830789
-0.471397
-0.853509
-0.891015
-0.64797
-1.10871
-0.501437
-1.15826
-1.12226
-0.890996
0.0771796
0.296335
-0.334484
-0.851901
-1.1286
-1.43135
-1.89222
-0.938874
-0.153721
-0.700347
-1.01793
-0.306103
-0.935598
-0.679755
0.337311
0.0720085
-0.55531
-1.3019
-1.50757
-1.15591
-1.03562
-0.417516
-0.0415302
0.164316
-0.93039
-0.744084
-1.18536
-0.685546
-1.09692
-0.857223
-1.31553
-1.25366
-1.60392
-0.571056
0.133801
0.059134
0.379056
-0.910963
-1.38283
-0.846777
-1.42633
-0.599747
-0.38287
-1.00509
-0.519948
-1.12793
-0.413376
0.376448
-0.26059
-0.324929
-1.33998
-1.47427
-1.2966
-1.41407
-0.541407
0.183629
-0.533709
-0.741777
-1.09494
-0.650585
0.115964
0.123291
-0.17539
-1.64837
-1.99051
-1.06938
-0.612701
0.179439
-0.0826059
-0.382009
-0.445388
-1.03736
-1.07491
-0.913142
-0.672325
-0.548109
-0.684712
-1.35001
-1.20151
-0.146968
-0.169637
0.245991
0.323298
-0.780107
-1.02642
-1.57613
-1.00434
-0.413173
-0.422204
-0.382909
-0.439799
-1.00335
-0.499182
0.0216579
0.0152832
0.178067
-1.36915
-1.6229
-1.84763
-1.03727
-0.751055
-0.150298
-0.572293
-0.229151
-0.266992
-1.01894
0.00389543
-0.817106
-0.689034
-1.41197
-1.94598
-2.00309
-1.11158
-0.347795
0.362926
-0.118565
-0.0414565
-1.26908
-0.935352
-0.944543
-0.736846
-1.06226
-0.822505
-1.60623
-1.45554
-0.329504
0.392089
-0.210408
0.454509
-0.91528
-1.57705
-1.44347
-1.69097
-0.508888
-0.4955
-0.583161
-0.894039
-0.863436
-0.119454
0.104376
0.234059
0.133331
-0.39813
-1.85102
-1.73145
-1.47399
-0.82862
-0.412247
-0.41186
-0.188585
-0.532653
-0.774046
-0.596776
-0.170877
-0.780361
-1.0479
-1.81612
-1.7952
-0.718487
-0.328195
0.471122
0.505945
-0.00503954
-0.967361
-0.73148
-1.4176
-0.637717
-0.364621
-0.967079
-1.22864
-1.27936
-0.770711
-0.179468
-0.286361
0.101494
-0.410035
-1.37846
-1.54798
-1.72156
-0.886834
-0.741587
0.0246612
-0.471794
-0.925531
-0.677455
-0.721523
0.0392287
-0.565642
-0.384829
-1.33805
-1.78437
-1.81371
-0.614618
-0.207978
0.280455
0.202705
-0.231004
-0.854938
-0.369248
-1.01177
-0.904874
-0.675852
-1.00662
-1.06004
-1.26426
-0.180507
-0.0559157
0.454571
-0.357952
-0.730058
-1.50798
-1.36621
-1.12407
-0.356209
-0.802441
-0.616501
-0.957569
-0.975529
0.0307642
0.436985
-0.0604778
0.0628558
-0.54908
-1.29548
-1.91969
-1.45442
-0.560487
-0.476931
0.114494
-0.391902
-0.617267
-0.596436
-0.335443
-0.523829
-0.156364
-0.83545
-2.13142
-1.96325
-1.16603
0.114958
0.602525
0.141465
-0.532055
-0.479042
-1.11615
-0.265656
-1.05094
-0.987507
-0.783011
-1.83676
-1.02917
-0.450098
-1.10363
-0.329535
-0.622696
-0.414201
-0.507806
-0.831234
-0.326096
-0.454905
-0.753954
-0.846272
-0.46748
-0.939778
-0.805706
-0.42321
-0.354965
-0.624212
-0.484461
-1.117
-0.744175
-1.09005
-0.654772
-0.809313
-0.631415
-0.240934
-0.332281
-1.03681
-0.924491
-0.939639
-0.275905
-0.764077
-0.410539
-1.07238
-1.11779
-0.259358
-1.17443
-1.04579
-0.817818
-1.04526
-0.670667
-0.323152
-0.769389
-0.936094
-0.886406
-0.429908
-1.09261
-0.428958
-0.494804
-0.98136
-0.438206
-0.788287
-0.551173
-0.270044
-0.697581
-0.512559
-0.763909
-0.591699
-0.623441
-0.567378
-0.736574
-0.567756
-1.06171
-0.239239
-1.05562
-0.753317
-0.875416
-0.247416
-0.841816
-0.801792
-1.09872
-0.244914
-0.215383
-0.62403
-0.334086
-1.05012
-0.29085
-0.548747
-1.13614
-0.245001
-0.233737
-0.414457
-0.394835
-0.628746
-0.917414
-0.237449
-0.620523
-0.763141
-0.824564
-0.276592
-1.1713
-0.43114
-0.476893
-0.609031
-0.774111
-0.557857
-0.453237
-1.13098
-1.14671
-0.425686
-0.496497
-1.07873
-0.896563
-1.12549
-0.51214
-0.835044
-0.470556
-1.00541
-1.04541
-1.03821
-0.367767
-0.649063
-0.882857
-0.672264
-0.766778
-0.986322
-0.470395
-1.19863
-0.613796
-0.722562
-0.260142
-0.437841
-1.07227
-1.18522
-0.700007
-0.355228
-0.347851
-1.10899
-0.342247
-0.411066
-0.621524
-1.10051
-0.371832
-0.452803
-0.291628
-0.687858
-0.315434
-0.238053
-0.633489
-0.72611
-0.782443
-0.549655
-0.319798
-0.614065
-0.977488
-0.200653
-1.04082
-0.504403
-0.498471
-0.213794

