0.370828
0.949902
0.296372
1.07047
0.777304
0.985799
0.892194
0.568766
1.0739
0.945095
0.646046
0.553728
0.93252
0.460222
0.594294
0.97679
1.04504
0.775788
0.915539
0.283004
0.655825
0.309947
0.745228
0.590687
0.768585
1.15907
1.06772
0.36319
0.475509
0.460361
1.12409
0.635923
0.989461
0.327617
0.282206
1.14064
0.225575
0.354211
0.582182
0.354737
0.729333
1.07685
0.630611
0.463906
0.513594
0.970092
0.307391
0.971042
0.905196
0.41864
0.961794
0.611713
0.848827
1.12996
0.702419
0.887441
0.636091
0.808301
0.776559
0.832622
0.663426
0.832244
0.338295
1.16076
0.344375
0.646683
0.524584
1.15258
0.558184
0.598208
0.301282
1.15509
1.18462
0.77597
1.06591
0.349876
1.10915
0.851253
0.263861
1.155
1.16626
0.985543
1.00516
0.771254
0.482586
1.16255
0.779477
0.636859
0.575436
1.12341
0.228699
0.96886
0.923107
0.790969
0.625889
0.842143
0.946763
0.269019
0.253295
0.974314
0.370828
1.61672
1.2141
1.71358
0.879353
0.682882
0.544488
0.428196
1.08487
0.841551
0.248948
-0.00166964
0.612794
0.720081
1.41771
1.94239
1.60033
0.624548
0.216346
-0.492711
0.226831
0.314753
0.941314
0.67836
0.681178
1.11673
1.35041
1.00518
1.15766
0.713321
0.691159
-0.299169
0.0748817
-0.0660625
0.546448
1.77806
0.786331
0.575151
0.546717
0.344765
0.915883
1.32956
0.619241
-0.0308591
-0.322739
0.256019
0.182458
1.55291
1.86009
1.19575
1.18139
0.303701
0.36535
0.823379
0.645913
0.867335
0.406729
0.374092
0.443038
0.967835
1.36419
1.7819
0.992744
1.13029
-0.326561
-0.228806
-0.0559585
1.08044
0.822875
0.854314
0.35456
1.11904
1.33943
1.26122
1.68528
0.674089
0.808947
-0.0103587
-0.701624
0.632022
1.34049
1.6604
1.71203
1.13325
0.46708
1.02953
0.792036
0.796875
0.61839
0.777711
-0.488408
0.251418
0.686798
1.25975
1.57129
1.72647
1.29877
-0.000522755
-0.330316
0.499772
0.742043
0.343544
0.432121
-0.00829192
0.585549
0.597483
1.48763
1.28249
1.07422
0.457972
0.430334
-0.182439
-0.206417
0.54734
0.922088
0.818099
1.14453
0.215765
0.842975
0.995888
1.65441
1.31853
0.156934
-0.537693
-0.270935
0.410378
1.11214
0.957359
1.88122
1.50308
0.824711
0.0803788
0.867614
0.978551
1.16322
0.50264
0.514775
0.487249
0.444698
1.01353
1.5085
1.80502
1.56601
0.592875
-0.218577
0.568639
0.0642986
0.915951
0.965759
1.07335
0.621679
0.817379
1.45312
1.66684
1.91323
0.746659
0.499808
-0.58581
0.218333
0.493839
0.88831
1.7026
1.45343
0.769222
0.443987
1.20003
1.41844
1.28092
0.27414
0.058673
0.0545892
-0.0185338
0.702914
1.25874
1.13646
1.19557
0.769805
0.520351
-0.0311004
0.751484
0.809631
0.337215
0.538042
0.570585
0.692755
0.482344
1.53707
1.56414
0.809186
0.828994
-0.399098
-0.541273
0.513511
0.80397
1.2976
0.810205
0.501801
0.525725
0.664303
1.15763
1.13009
1.12408
0.194766
-0.550142
-0.273244
0.55826
0.590437
1.516
1.22497
0.570496
0.81456
0.452009
0.536073
1.35883
0.329711
0.48316
-0.264357
-0.00228255
0.0884092
1.10389
1.75944
1.78679
0.886791
0.763955
0.300952
0.636239
0.635848
0.439602
0.456783
0.226994
0.312794
1.13682
1.79243
1.52327
1.44978
0.839589
0.190054
-0.21796
0.308099
0.307346
1.19382
0.735129
1.01947
0.23699
1.24322
1.62618
1.8204
1.1976
0.0213074
-0.521225
-0.15013
-0.29986
0.869874
1.06419
1.50479
1.50895
0.780659
0.666609
0.701938
0.509195
0.509387
0.873096
0.0338478
0.306391
0.188797
1.34176
1.94191
1.59104
1.19376
0.0967386
-0.187793
0.438369
0.630202
1.09462
0.544032
0.101597
0.0415112
0.877687
0.949717
1.36033
1.18843
0.854314
-0.0788629
-0.266569
-0.305587
0.274249
1.09573
1.32332
1.09067
0.630446
1.01325
0.925742
1.11783
1.24611
0.614508
0.375851
-0.126823
0.446909
0.205235
0.988651
1.64991
1.4954
0.954416
0.783633
0.8212
1.15035
0.4949
0.642189
0.222006
0.112758
0.185867
0.553837
1.31518
1.53053
1.2191
0.570021
-0.108106
-0.177205
0.559159
1.09913
0.914433
0.105713
0.778852
0.699141
0.768676
1.01666
1.45941
1.04166
-0.0747213
-0.109743
-0.0196602
0.151577
1.37453
1.45161
1.20514
0.372191
0.332697
1.12474
1.08161
1.30105
0.303815
0.251819
-0.338799
0.144029
0.852565
1.46511
1.34897
1.66038
0.515342
0.254263
-0.00866273
0.309096
0.432493
0.729218
0.393886
0.13129
0.344239
0.478747
1.0386
2.07504
1.00937
0.741233
-0.0875105
-0.21029
-0.0514891
0.824561
0.378449
0.279344
0.877559
0.169773
1.1548
1.26271
1.84467
1.51243
-0.115827
-0.331147
0.190906
0.698949
0.709219
1.73372
0.758935
0.774046
1.04032
0.664847
1.13985
1.09328
0.370009
-0.0627882
-0.408902
0.0833948
0.930838
1.18228
2.01007
1.4794
0.9824
0.39397
0.541124
0.0401661
0.299612
0.877377
0.210193
0.241033
-0.157758
0.385597
1.25064
1.25181
1.5893
0.316214
-0.126138
-0.0578799
-0.251397
0.322307
0.469701
0.548182
0.298761
0.271168
0.798644
1.41841
1.3616
1.19195
0.507811
-0.521511
-0.496583
-0.126426
0.583096
0.867833
0.974367
0.785357
0.337944
0.288977
1.09733
1.24446
1.2314
0.434241
-0.0543528
0.106583
0.348569
1.32014
2.07437
1.57913
1.31692
0.928603
0.546491
0.508985
0.75203
0.291292
0.898563
0.241736
0.277738
0.509004
1.47718
1.69634
1.06552
0.548099
0.2714
-0.031352
-0.492221
0.461126
1.24628
0.699653
0.382074
1.0939
0.464402
0.720245
1.73731
1.47201
0.84469
0.0980976
-0.107568
0.244091
0.36438
0.982484
1.35847
1.56432
0.46961
0.655916
0.214645
0.714454
0.303083
0.542777
0.0844669
0.14634
-0.203917
0.828944
1.5338
1.45913
1.77906
0.489037
0.0171692
0.553223
-0.0263318
0.800253
1.01713
0.394915
0.880052
0.272065
0.986624
1.77645
1.13941
1.07507
0.060022
-0.0742673
0.103401
-0.0140711
0.858593
1.58363
0.866291
0.658223
0.30506
0.749415
1.51596
1.52329
1.22461
-0.248367
-0.590508
0.330623
0.787299
1.57944
1.31739
1.01799
0.954612
0.362639
0.325086
0.486858
0.727675
0.851891
0.715288
0.0499931
0.198487
1.25303
1.23036
1.64599
1.7233
0.619893
0.373582
-0.176135
0.395664
0.986827
0.977796
1.01709
0.960201
0.396652
0.900818
1.42166
1.41528
1.57807
0.0308536
-0.222895
-0.44763
0.36273
0.648945
1.2497
0.827707
1.17085
1.13301
0.38106
1.4039
0.582894
0.710966
-0.0119743
-0.545983
-0.603088
0.288419
1.05221
1.76293
1.28144
1.35854
0.130918
0.464648
0.455457
0.663154
0.337741
0.577495
-0.206234
-0.0555427
1.0705
1.79209
1.18959
1.85451
0.48472
-0.177048
-0.0434665
-0.290975
0.891112
0.9045
0.816839
0.505961
0.536564
1.28055
1.50438
1.63406
1.53333
1.00187
-0.451021
-0.331446
-0.0739928
0.57138
0.987753
0.98814
1.21141
0.370828
0.949902
0.296372
1.07047
0.777304
0.985799
0.892194
0.568766
1.0739
0.945095
0.646046
0.553728
0.93252
0.460222
0.594294
0.97679
1.04504
0.775788
0.915539
0.283004
0.655825
0.309947
0.745228
0.590687
0.768585
1.15907
1.06772
0.36319
0.475509
0.460361
1.12409
0.635923
0.989461
0.327617
0.282206
1.14064
0.225575
0.354211
0.582182
0.354737
0.729333
1.07685
0.630611
0.463906
0.513594
0.970092
0.307391
0.971042
0.905196
0.41864
0.961794
0.611713
0.848827
1.12996
0.702419
0.887441
0.636091
0.808301
0.776559
0.832622
0.663426
0.832244
0.338295
1.16076
0.344375
0.646683
0.524584
1.15258
0.558184
0.598208
0.301282
1.15509
1.18462
0.77597
1.06591
0.349876
1.10915
0.851253
0.263861
1.155
1.16626
0.985543
1.00516
0.771254
0.482586
1.16255
0.779477
0.636859
0.575436
1.12341
0.228699
0.96886
0.923107
0.790969
0.625889
0.842143
0.946763
0.269019
0.253295
0.974314
0.903503
0.321266
0.503437
0.274508
0.88786
0.564956
0.929444
0.394586
0.354592
0.361792
1.03223
0.750937
0.517143
0.727736
0.633222
0.413678
0.929605
0.201369
0.786204
0.677438
1.13986
0.962159
0.327734
0.214778
0.699993
1.04477
1.05215
0.291008
1.05775
0.988934
0.778476
0.299489
1.02817
0.947197
1.10837
0.712142
1.08457
1.16195
0.766511
0.67389
0.617557
0.850345
1.0802
0.785935
0.422512
1.19935
0.359179
0.895597
0.901529
1.18621
0.848598
0.854881
1.0442
0.88177
1.17015
0.531658
1.00008
0.359364
1.06328
0.802757
0.619959
1.18136
1.0689
0.664037
0.446844
1.04464
1.04324
0.936507
0.332195
0.676805
0.984337
0.697593
0.768818
0.64406
0.235229
0.531848
0.62663
0.78257
0.288063
0.874888
0.787436
0.435708
0.944646
1.15835
1.06426
0.27443
0.73981
0.582815
0.201846
0.916614
0.253658
0.221045
0.958561
0.82896
1.13101
0.747941
0.614034
0.592961
0.397579
0.508084
0.370828
1.64368
1.17276
1.56605
0.749472
0.752199
0.827249
0.686988
1.03014
0.44712
-0.153892
-0.00269359
1.08609
1.26996
1.51079
1.4295
0.912819
0.411108
0.726481
0.311419
0.578544
-0.150757
0.0513866
0.182387
1.06427
2.05444
1.98419
0.735008
0.21411
-0.0399334
0.82779
0.607873
0.918943
-0.0601886
-0.284983
0.879742
0.641394
1.29843
1.45796
0.613209
0.323974
0.447961
0.25364
0.417778
0.489013
0.683883
-0.123324
0.845412
1.41043
1.37138
1.75896
0.732571
0.295973
0.390506
0.27892
0.863525
0.692318
0.643133
0.480629
0.819731
1.2211
1.75292
1.02472
1.1299
-0.347954
-0.175737
0.0934802
1.18978
0.722934
0.562691
0.1271
1.22385
1.75452
1.62701
1.61785
0.164504
0.296292
-0.0191983
-0.134305
1.28764
1.45783
1.07676
0.929427
0.884587
1.0245
1.91241
1.18347
0.305723
-0.329594
0.244395
-0.0976567
1.22389
1.34885
0.994719
0.616938
0.959976
1.42374
0.89471
0.507253
0.516997
-0.0582097
-0.525495
0.282928
0.669291
1.4436
0.856903
0.949866
0.477145
0.735966
0.85075
1.14558
0.196271
-0.461486
-0.0479096
0.544999
0.954543
1.59992
0.549029
0.795887
0.688491
1.4037
1.31322
0.320634
-0.40149
-0.254713
0.374022
1.1129
0.972723
1.81725
1.35432
0.737891
0.209308
1.16307
1.17068
1.01005
0.074038
0.192403
0.622065
0.981803
1.48006
1.43287
1.19304
0.953637
0.573723
0.428523
1.31617
0.205556
0.276219
0.105202
0.793264
1.21244
1.75925
1.87673
1.16224
0.928632
0.18726
0.888674
0.399352
0.894018
0.240179
-0.055247
0.940244
1.56419
1.63261
1.25581
1.22743
0.666919
0.461245
0.125335
0.676221
0.839621
0.224318
0.229985
0.548098
0.835177
1.5256
1.37244
0.839206
-0.232169
0.281479
0.515797
0.434292
0.861892
0.798684
0.665799
0.305933
1.41006
1.56085
0.849228
0.827906
-0.408068
-0.467423
0.659017
0.866681
1.14182
0.516012
0.348412
0.724689
1.09903
1.43094
0.930138
0.568712
-0.217519
-0.391271
0.372852
1.11676
0.510997
0.816583
0.525446
0.539139
1.52558
1.27536
0.699932
0.678647
-0.589765
0.176604
0.345396
0.97743
0.535477
0.597904
0.760487
1.21359
1.26474
1.73953
0.974933
0.399427
-0.275731
-0.300998
0.551608
1.03944
1.07995
1.17249
1.1058
0.77211
1.30646
1.38444
0.88381
0.000746789
-0.0911183
-0.292252
0.938643
0.997267
1.49595
0.486384
1.09792
1.2915
1.61879
1.25626
0.207337
-0.405564
-0.159737
-0.342837
0.871232
1.06651
1.42227
1.36924
0.743237
0.846615
0.989769
0.621111
0.267985
0.439761
-0.185603
0.568104
0.752849
1.69262
1.70247
0.921967
0.698833
0.273464
0.551877
1.07776
0.551062
0.32456
-0.227875
0.0568371
0.799388
1.75887
1.1339
0.655944
0.23054
0.527315
0.5355
0.728908
0.155223
-0.221457
0.105004
0.749349
1.44942
1.57446
1.66984
0.710365
0.258525
0.544703
0.692539
1.11965
0.577516
0.488276
-0.402078
0.323751
1.51748
1.95685
1.54063
0.970805
0.502601
0.67563
0.294179
0.833109
0.561707
0.284463
0.0966137
0.361438
1.2128
1.55276
1.26423
0.568467
-0.103635
-0.0873798
0.690617
1.11052
0.713239
-0.170759
0.710435
0.978884
1.19313
1.17838
1.14038
0.478668
-0.358021
0.206207
0.660837
0.574337
1.10351
0.684448
0.636972
0.560516
1.14851
1.83184
1.00646
0.478557
-0.523835
0.193227
0.448058
1.06354
1.05383
0.752982
0.374172
1.31992
1.12023
1.24302
0.455393
-0.165365
-0.527636
0.167949
0.726055
1.0226
0.9678
0.288415
0.250498
1.42967
1.07061
1.40047
0.53707
-0.166356
-0.567132
0.261853
0.262439
0.648831
1.34233
0.318434
0.921646
0.92386
1.70576
1.63064
0.0795976
-0.24374
0.156536
0.652494
0.710878
1.72243
0.663311
0.65316
1.05527
0.883812
1.40015
1.11692
0.0566931
-0.470996
-0.510008
0.454293
1.48303
1.39306
1.62301
0.799228
0.639176
0.75467
1.32254
0.527258
0.00530203
0.0298977
-0.419844
0.434846
0.715162
1.14539
1.18261
0.396067
0.724062
0.244169
0.67146
0.879395
-0.0371685
-0.381299
-0.499996
0.202045
0.880716
1.23082
1.25491
0.975226
0.4537
0.656973
0.807103
0.297249
0.0787017
-0.289135
-0.116644
0.294331
1.01961
1.34624
0.867457
0.331902
0.683408
0.79766
1.13728
0.705534
0.277798
0.210391
0.203531
1.12507
2.00337
1.62495
1.36388
0.926939
0.564502
0.608792
0.860193
0.250173
0.665564
0.00215524
0.299378
0.850536
1.86206
1.73499
0.649094
0.0162664
0.136871
0.420203
0.175857
0.71882
0.802076
-0.0825083
-0.0154719
1.48916
1.32892
1.2623
1.42815
0.563737
0.165895
0.291612
0.80229
1.04009
0.305945
0.113198
0.474918
1.48002
1.25977
1.5898
0.436898
0.0350803
-0.639505
0.199366
0.630976
1.05513
0.233263
0.425912
0.698543
0.963833
2.04037
1.21716
0.529724
0.419659
-0.622724
0.313048
1.04795
0.846074
1.30119
0.310107
0.681953
1.45672
1.07241
1.24435
0.251364
-0.0208048
0.0470139
-0.0607197
0.86015
1.55911
0.764004
0.564723
0.371742
0.992457
1.73063
1.45665
0.86072
-0.603222
-0.56596
0.785424
1.28955
1.63532
0.809097
0.373562
0.786969
0.882724
1.09447
0.787937
0.238245
-0.0147206
0.270618
0.469203
1.12642
1.83907
0.914687
0.697738
1.01031
0.807811
1.29954
0.638424
0.348576
0.123771
0.0958557
0.922544
1.72524
1.30589
1.12547
0.7813
0.521298
1.2462
0.530614
0.614421
-0.0408255
0.00739323
-0.0949638
0.806901
1.04721
1.79241
1.56953
0.277121
0.923344
0.194645
0.729567
0.320752
-0.244165
-0.573956
0.0978962
0.867874
1.72783
1.34733
1.40408
0.129585
0.495343
0.558466
0.740294
0.246554
0.328587
-0.392203
0.0550479
1.45049
2.11073
1.10217
1.36914
0.0207643
-0.153229
0.512836
0.318642
0.965737
0.317472
0.0735304
0.306609
1.11175
2.13428
1.84394
1.11201
0.601767
0.518741
-0.0186124
0.63882
0.543658
0.257215
0.0211302
0.256653
1.38907
0.370828
0.949902
0.296372
1.07047
0.777304
0.985799
0.892194
0.568766
1.0739
0.945095
0.646046
0.553728
0.93252
0.460222
0.594294
0.97679
1.04504
0.775788
0.915539
0.283004
0.655825
0.309947
0.745228
0.590687
0.768585
1.15907
1.06772
0.36319
0.475509
0.460361
1.12409
0.635923
0.989461
0.327617
0.282206
1.14064
0.225575
0.354211
0.582182
0.354737
0.729333
1.07685
0.630611
0.463906
0.513594
0.970092
0.307391
0.971042
0.905196
0.41864
0.961794
0.611713
0.848827
1.12996
0.702419
0.887441
0.636091
0.808301
0.776559
0.832622
0.663426
0.832244
0.338295
1.16076
0.344375
0.646683
0.524584
1.15258
0.558184
0.598208
0.301282
1.15509
1.18462
0.77597
1.06591
0.349876
1.10915
0.851253
0.263861
1.155
1.16626
0.985543
1.00516
0.771254
0.482586
1.16255
0.779477
0.636859
0.575436
1.12341
0.228699
0.96886
0.923107
0.790969
0.625889
0.842143
0.946763
0.269019
0.253295
0.974314
0.903503
0.321266
0.503437
0.274508
0.88786
0.564956
0.929444
0.394586
0.354592
0.361792
1.03223
0.750937
0.517143
0.727736
0.633222
0.413678
0.929605
0.201369
0.786204
0.677438
1.13986
0.962159
0.327734
0.214778
0.699993
1.04477
1.05215
0.291008
1.05775
0.988934
0.778476
0.299489
1.02817
0.947197
1.10837
0.712142
1.08457
1.16195
0.766511
0.67389
0.617557
0.850345
1.0802
0.785935
0.422512
1.19935
0.359179
0.895597
0.901529
1.18621
0.848598
0.854881
1.0442
0.88177
1.17015
0.531658
1.00008
0.359364
1.06328
0.802757
0.619959
1.18136
1.0689
0.664037
0.446844
1.04464
1.04324
0.936507
0.332195
0.676805
0.984337
0.697593
0.768818
0.64406
0.235229
0.531848
0.62663
0.78257
0.288063
0.874888
0.787436
0.435708
0.944646
1.15835
1.06426
0.27443
0.73981
0.582815
0.201846
0.916614
0.253658
0.221045
0.958561
0.82896
1.13101
0.747941
0.614034
0.592961
0.397579
0.508084
0.370828
1.6936
1.21488
1.5204
0.566403
0.454035
0.515231
0.505597
1.10188
0.806767
0.406467
0.566994
1.43737
1.23171
1.04805
0.673582
0.124629
-0.112358
0.685291
0.799179
1.44247
0.786165
0.718199
0.326216
0.621386
1.17825
0.990042
-0.0175107
-0.02784
0.307245
1.62593
1.55829
1.67796
0.247597
-0.512054
0.23209
-0.168723
0.622677
1.13947
0.724815
0.775933
1.0388
0.758954
0.678149
0.461648
0.440759
-0.444091
0.58197
1.2789
1.36522
1.81181
0.767024
0.272957
0.33319
0.258857
0.956103
0.924739
0.963062
0.764763
0.922689
1.0448
1.30457
0.433825
0.611081
-0.575784
0.0176407
0.684082
1.9924
1.4507
0.933463
-0.0241111
0.575455
0.824638
0.747918
1.11517
0.232429
0.920424
0.940012
0.813454
1.88184
1.48885
0.544257
0.0386475
-0.0349964
0.403687
1.79495
1.58117
1.04389
0.464095
0.811566
0.0678693
0.974789
0.8228
0.411855
0.186869
0.803594
1.53996
1.18096
0.819058
0.736418
0.0234667
-0.549188
0.23026
0.655764
1.48641
0.911586
0.937075
0.333169
0.460445
0.525081
0.908759
0.185355
-0.180676
0.472948
1.13872
1.39376
1.68675
0.202893
0.100866
-0.123874
0.773059
1.11691
0.661518
0.380013
0.698316
1.15316
1.42619
0.694741
1.04032
0.356788
-0.119356
-0.199614
1.34285
1.86183
1.95085
0.920603
0.648931
0.548152
0.436489
0.688424
0.691917
0.756571
0.942021
0.941816
0.999796
1.86404
0.545328
0.329659
-0.0856842
0.483169
0.924889
1.58917
1.83975
1.20486
0.971566
0.177449
0.832261
0.358474
0.948956
0.436423
0.25316
1.25339
1.73522
1.54202
0.876375
0.6553
0.0998936
0.127767
0.190671
1.16491
1.6095
1.00777
0.730528
0.556169
0.31666
0.645489
0.440831
0.197849
-0.339714
0.757735
1.40965
1.42358
1.58892
1.00434
0.28539
-0.50992
0.463664
0.825301
0.574706
1.08506
0.255382
0.3392
1.31472
1.15751
1.00613
0.0523863
-0.23854
0.235425
0.858941
1.47406
1.17867
0.883899
0.033669
-0.271822
0.373085
1.06645
0.485233
0.848898
0.586789
0.554825
1.4216
1.02995
0.372433
0.3975
-0.67867
0.373155
0.811703
1.57546
1.04597
0.803619
0.539061
0.600133
0.454356
1.02345
0.631969
0.584483
0.399488
0.637838
1.41763
1.51141
0.97512
0.519304
0.136563
-0.162795
0.743024
1.39025
1.44522
0.901811
0.816855
0.300257
1.02249
0.573548
0.748676
-0.297251
0.55471
1.15358
1.88829
1.78844
0.781318
0.00594941
-0.0228981
-0.471503
0.583722
0.763348
1.21582
1.29794
0.769809
0.894041
0.993657
0.570312
0.212172
0.459888
-0.0288382
0.855487
1.08271
1.92225
1.69627
0.620609
0.162982
-0.322136
0.12646
1.01635
0.924756
1.03803
0.585476
0.669268
0.964303
1.38512
0.330923
-0.298269
-0.528327
0.24849
0.849186
1.52911
1.15465
0.615589
0.479436
0.534022
0.735079
0.631219
0.84179
0.285489
0.364711
1.11076
1.48633
1.8447
0.987466
0.473764
-0.785981
-0.248048
0.982767
1.63698
1.50493
1.17031
0.81
0.952229
0.451508
0.862071
0.519327
0.248973
0.116193
0.42382
1.25168
1.48792
1.05466
0.250232
-0.417086
-0.24718
0.800545
1.50961
1.29639
0.392516
1.02515
0.886051
0.678836
0.39556
0.362977
0.00209336
-0.332634
0.754948
1.5559
1.49919
1.71834
0.755431
0.127987
-0.349683
0.165547
1.13135
0.837304
0.891494
0.308413
1.13421
1.15922
1.30469
0.767309
0.0749646
-0.427734
0.684997
0.857038
1.40208
0.929607
0.41674
-0.0548806
0.387949
0.667899
0.769542
0.658837
0.0496112
0.142716
1.43463
1.11771
1.41725
0.495687
-0.231082
-0.577699
0.377708
0.520783
0.983307
1.6196
0.392511
0.704552
0.439965
1.10151
1.12958
-0.103189
0.00587892
0.792213
1.46947
1.414
2.03675
0.44438
-0.0480636
0.108836
0.0322372
0.95971
1.2586
0.738
0.506834
0.410665
0.986199
1.44052
0.803721
0.713071
-0.0958478
0.0756264
0.704218
1.77132
1.28236
0.777787
0.548677
-0.309228
0.145836
0.177937
0.581114
0.789873
0.278356
0.864353
0.532099
0.965499
1.07295
0.0243248
-0.410001
-0.541612
0.207904
0.939098
1.28704
1.22676
0.805372
0.154715
0.32365
0.585557
0.321207
0.400668
0.261113
0.479792
0.704892
1.05499
0.945125
0.136413
-0.481156
0.0903604
0.664713
1.54362
1.52892
1.23176
0.947753
0.447345
0.776071
1.18105
0.62512
0.548255
0.587466
0.814924
1.34514
1.80444
1.0586
1.05843
-0.1358
-0.286293
0.0558712
1.15384
1.35176
0.689189
0.414959
0.708154
0.941124
0.475824
0.737375
0.594825
-0.386465
-0.280832
1.34431
1.3073
1.30372
1.45577
0.534473
0.0980959
0.255475
0.877613
1.26309
0.633553
0.426116
0.622641
1.35029
0.841193
0.996426
-0.121526
-0.259921
-0.51881
0.738835
1.42566
1.82519
0.684858
0.366781
0.120169
0.0550707
1.12369
0.629901
0.495518
0.960672
0.302473
1.28822
1.72091
0.978583
0.856484
-0.537199
-0.252231
0.770826
0.864674
1.55947
0.942705
0.775182
0.660477
0.17491
0.678484
1.07539
0.187681
0.108888
0.171585
1.06491
1.98733
1.75878
1.08705
-0.506663
-0.575391
0.742175
1.28201
1.6855
0.87654
0.378273
0.658802
0.611545
0.753648
0.515427
0.179752
0.223163
0.771681
1.07872
1.61694
1.99815
0.636784
0.0405197
0.187961
0.118906
1.01465
0.891202
1.07494
1.07641
0.931631
1.33067
1.54682
0.597442
0.140502
-0.123785
0.0216458
1.32522
1.14687
1.53181
0.840097
0.54138
-0.0776484
0.334049
0.28557
1.03214
1.07561
0.193465
1.23093
0.735831
1.28337
0.694525
-0.14513
-0.725033
-0.189631
0.583397
1.54705
1.29507
1.43416
0.164851
0.47967
0.492941
0.684402
0.283395
0.511792
-0.0819197
0.391064
1.66306
2.06841
0.759584
0.805139
-0.575449
-0.547893
0.504045
0.746988
1.71344
1.12894
0.646043
0.407062
0.673163
1.29159
0.891665
0.397357
0.393443
0.902613
0.824614
1.63758
1.33669
0.56132
-0.263874
-0.500479
0.445241
0.370828
0.949902
0.296372
1.07047
0.777304
0.985799
0.892194
0.568766
1.0739
0.945095
0.646046
0.553728
0.93252
0.460222
0.594294
0.97679
1.04504
0.775788
0.915539
0.283004
0.655825
0.309947
0.745228
0.590687
0.768585
1.15907
1.06772
0.36319
0.475509
0.460361
1.12409
0.635923
0.989461
0.327617
0.282206
1.14064
0.225575
0.354211
0.582182
0.354737
0.729333
1.07685
0.630611
0.463906
0.513594
0.970092
0.307391
0.971042
0.905196
0.41864
0.961794
0.611713
0.848827
1.12996
0.702419
0.887441
0.636091
0.808301
0.776559
0.832622
0.663426
0.832244
0.338295
1.16076
0.344375
0.646683
0.524584
1.15258
0.558184
0.598208
0.301282
1.15509
1.18462
0.77597
1.06591
0.349876
1.10915
0.851253
0.263861
1.155
1.16626
0.985543
1.00516
0.771254
0.482586
1.16255
0.779477
0.636859
0.575436
1.12341
0.228699
0.96886
0.923107
0.790969
0.625889
0.842143
0.946763
0.269019
0.253295
0.974314
0.903503
0.321266
0.503437
0.274508
0.88786
0.564956
0.929444
0.394586
0.354592
0.361792
1.03223
0.750937
0.517143
0.727736
0.633222
0.413678
0.929605
0.201369
0.786204
0.677438
1.13986
0.962159
0.327734
0.214778
0.699993
1.04477
1.05215
0.291008
1.05775
0.988934
0.778476
0.299489
1.02817
0.947197
1.10837
0.712142
1.08457
1.16195
0.766511
0.67389
0.617557
0.850345
1.0802
0.785935
0.422512
1.19935
0.359179
0.895597
0.901529
1.18621
0.848598
0.854881
1.0442
0.88177
1.17015
0.531658
1.00008
0.359364
1.06328
0.802757
0.619959
1.18136
1.0689
0.664037
0.446844
1.04464
1.04324
0.936507
0.332195
0.676805
0.984337
0.697593
0.768818
0.64406
0.235229
0.531848
0.62663
0.78257
0.288063
0.874888
0.787436
0.435708
0.944646
1.15835
1.06426
0.27443
0.73981
0.582815
0.201846
0.916614
0.253658
0.221045
0.958561
0.82896
1.13101
0.747941
0.614034
0.592961
0.397579
0.508084
0.370828
1.66772
1.19606
1.55258
0.672868
0.614197
0.664512
0.561691
1.00661
0.563224
0.0911699
0.306995
1.35862
1.39986
1.42887
1.13414
0.479545
-0.0256917
0.437403
0.285588
0.850994
0.354523
0.637666
0.657301
1.2586
1.88235
1.47863
0.0442237
-0.441852
-0.439978
0.830766
1.03328
1.64564
0.740359
0.327515
1.09426
0.37231
0.61757
0.576045
-0.18592
-0.127589
0.501203
0.806474
1.30039
1.41955
1.35929
0.0723075
0.490359
0.613103
0.386185
0.904363
0.287187
0.406912
1.02436
1.23189
1.82755
1.35559
0.791896
0.0687134
-0.0170031
0.232248
0.931795
0.633896
1.28994
0.304
0.75122
0.993322
1.77455
0.811833
0.138455
-0.662065
0.331534
1.04684
1.3241
1.8031
0.762051
1.10086
0.72859
0.321626
1.31993
1.07599
0.42209
0.223177
0.352694
0.824618
2.08706
1.65325
0.902575
0.197632
0.542055
-0.10393
0.942147
0.905155
0.543426
0.29936
0.859746
1.54563
1.17193
0.832023
0.781552
0.0744218
-0.541469
0.153739
0.493105
1.28801
0.765431
0.929908
0.504686
0.773181
0.867624
1.13547
0.178439
-0.453261
0.0146441
0.665507
1.10316
1.72013
0.578821
0.695406
0.462732
1.10969
1.04655
0.184057
-0.336862
0.0187286
0.788763
1.54163
1.26772
1.86149
1.10662
0.254955
-0.36527
0.684497
0.95796
1.15499
0.553017
0.866663
1.27781
1.39863
1.50557
1.03805
0.488391
0.158622
-0.0521772
0.185776
1.55158
0.858805
1.14627
0.912649
1.27091
1.19445
1.23894
1.01273
0.229833
0.231207
-0.0433081
1.20761
1.17164
1.87385
1.11107
0.422708
0.86722
0.960795
0.692331
0.282413
0.535869
0.48051
0.83887
0.94267
1.66702
1.68325
0.65047
0.106106
-0.0790289
-0.0865037
0.609958
0.756413
0.714333
0.163553
1.05904
1.417
1.16792
1.19871
0.643674
0.0847332
-0.501119
0.642197
1.07454
0.786853
1.19014
0.243786
0.253171
1.21691
1.09491
0.988084
0.0528325
-0.257827
0.175995
0.77577
1.41655
1.20314
1.01809
0.251202
-0.0512325
0.492356
1.00423
0.23033
0.477408
0.241286
0.38913
1.53273
1.40722
0.888826
0.851824
-0.482672
0.20427
0.314847
0.927842
0.501809
0.593424
0.771674
1.20935
1.21537
1.63635
0.841051
0.285471
-0.310493
-0.215181
0.758332
1.31723
1.33962
1.31439
1.05741
0.520193
0.910692
0.964885
0.584287
-0.0607271
0.132367
0.168022
1.50045
1.47805
1.72574
0.367894
0.645689
0.634758
0.964732
0.824093
0.154246
-0.0412978
0.521997
0.445169
1.50897
1.33638
1.22028
0.744311
-0.113515
0.0324985
0.487336
0.604329
0.755277
1.28382
0.746989
1.28608
1.01762
1.41007
0.9564
-0.0508225
-0.186744
-0.236091
0.586983
1.64972
1.47702
1.30565
0.490797
0.280628
0.4568
0.962431
0.142872
-0.208833
-0.230422
0.614539
1.13647
1.64361
1.08518
0.425077
0.266087
0.383271
0.685081
0.66592
0.911196
0.339655
0.382378
1.10778
1.5005
1.90652
1.09397
0.581429
-0.74335
-0.323742
0.783722
1.37336
1.28355
1.10242
0.957688
1.29002
0.863783
1.18227
0.597798
0.0216089
-0.357181
-0.124045
0.850144
1.41307
1.36607
0.851324
0.249201
0.216419
0.858794
1.11345
0.579984
-0.371553
0.519732
0.855478
1.15656
1.21068
1.20148
0.528975
-0.338335
0.202816
0.662363
0.611467
1.18961
0.803065
0.743558
0.598945
1.07635
1.64381
0.745334
0.226993
-0.669722
0.226497
0.678913
1.43998
1.46315
1.05564
0.451656
1.12004
0.682854
0.694991
-0.0261769
-0.410883
-0.434818
0.593354
1.36436
1.67351
1.41384
0.368128
-0.0833155
0.771651
0.291041
0.752465
0.241228
0.00253068
0.0288479
1.10393
1.08158
1.17471
1.39331
-0.135415
0.0987866
-0.00723799
0.968734
1.33247
0.325588
0.475006
1.12062
1.55112
1.25099
1.72516
0.123694
-0.256911
0.0682015
0.139276
1.13933
1.42381
0.830789
0.51852
0.374502
0.949461
1.43287
0.819517
0.716974
-0.143516
-0.0370389
0.557229
1.6579
1.27677
0.919592
0.812543
-0.0153355
0.342995
0.171551
0.338113
0.377898
-0.150228
0.599511
0.563151
1.31304
1.62507
0.571418
-0.0949615
-0.608326
-0.243463
0.259463
0.640937
0.879613
0.916427
0.705001
1.11389
1.30861
0.682599
0.239429
-0.378988
-0.400394
-0.0713522
0.69622
1.15917
0.853217
0.465277
0.895231
1.00574
1.27763
0.752167
0.245026
0.138709
0.13682
1.08964
1.99785
1.62486
1.33802
0.857603
0.461609
0.510655
0.819398
0.309733
0.835318
0.24623
0.541797
0.999071
1.84277
1.52467
0.292262
-0.381803
-0.167542
0.32796
0.352799
1.13314
1.33538
0.398439
0.244407
1.42117
0.93034
0.64329
0.781792
0.105309
0.0605801
0.595163
1.43587
1.80982
0.962643
0.433802
0.338725
0.913536
0.433688
0.767283
-0.111037
-0.0494701
-0.219434
0.999815
1.55892
1.80966
0.563944
0.216572
0.00815835
0.010074
1.13034
0.647597
0.489339
0.926107
0.269916
1.30437
1.81704
1.14349
1.03059
-0.440246
-0.304324
0.553934
0.543722
1.25713
0.796259
0.874874
1.00098
0.64427
1.09401
1.25545
0.0309113
-0.353703
-0.433821
0.554332
1.78971
1.97934
1.66571
0.218117
0.00977432
0.94192
0.994146
1.00122
0.0527891
-0.259549
0.471037
0.966656
1.52892
1.41472
0.847692
0.386867
0.35307
0.230847
0.667725
1.32235
0.506644
0.515179
1.08687
1.09113
1.67719
0.981282
0.555211
0.150523
-0.0363363
0.700622
1.5
1.14805
1.06764
0.813258
0.602589
1.329
0.582256
0.629922
-0.0408773
0.0230176
-0.0419949
0.893684
1.13587
1.83428
1.52148
0.125154
0.696617
-0.0376389
0.579708
0.327237
-0.0537659
-0.236934
0.483777
1.17269
1.83356
1.19258
1.01289
-0.388115
0.0163941
0.285612
0.784346
0.618384
0.927525
0.248219
0.524375
1.58033
1.83717
0.49367
0.610591
-0.643046
-0.497339
0.616822
0.855161
1.77456
1.14174
0.642096
0.424004
0.725707
1.35738
0.92079
0.341543
0.239524
0.691426
0.642446
1.58065
1.46341
0.855057
0.0989158
-0.21588
0.515361
0.370828
0.949902
0.296372
1.07047
0.777304
0.985799
0.892194
0.568766
1.0739
0.945095
0.646046
0.553728
0.93252
0.460222
0.594294
0.97679
1.04504
0.775788
0.915539
0.283004
0.655825
0.309947
0.745228
0.590687
0.768585
1.15907
1.06772
0.36319
0.475509
0.460361
1.12409
0.635923
0.989461
0.327617
0.282206
1.14064
0.225575
0.354211
0.582182
0.354737
0.729333
1.07685
0.630611
0.463906
0.513594
0.970092
0.307391
0.971042
0.905196
0.41864
0.961794
0.611713
0.848827
1.12996
0.702419
0.887441
0.636091
0.808301
0.776559
0.832622
0.663426
0.832244
0.338295
1.16076
0.344375
0.646683
0.524584
1.15258
0.558184
0.598208
0.301282
1.15509
1.18462
0.77597
1.06591
0.349876
1.10915
0.851253
0.263861
1.155
1.16626
0.985543
1.00516
0.771254
0.482586
1.16255
0.779477
0.636859
0.575436
1.12341
0.228699
0.96886
0.923107
0.790969
0.625889
0.842143
0.946763
0.269019
0.253295
0.974314

