0.149111 
0.259037 
0.355228 
0.421469 
0.44041 
0.42557 
0.370269 
0.272408 
0.162522 
0.0426428 
-0.0551736 
-0.12029 
-0.141669 
-0.130009 
-0.0698661 
0.0239386 
0.141821 
0.248707 
0.362369 
0.430257 
0.442248 
0.434896 
0.394088 
0.289593 
0.179453 
0.0678548 
-0.0297357 
-0.0987795 
-0.12236 
-0.114488 
-0.0564793 
0.0318011 
0.131555 
0.238209 
0.329081 
0.400588 
0.440682 
0.429298 
0.37583 
0.293754 
0.187822 
0.0856338 
-0.00366607 
-0.0698638 
-0.0966076 
-0.0913007 
-0.0370917 
0.0486438 
0.156521 
0.268027 
0.347222 
0.399699 
0.446584 
0.440463 
0.394067 
0.334758 
0.235423 
0.13805 
0.0502963 
-0.00784439 
-0.050208 
-0.0643402 
-0.0108693 
0.0417017 
0.119125 
0.20298 
0.264492 
0.324312 
0.358321 
0.364661 
0.32644 
0.268634 
0.179033 
0.0877999 
0.0139946 
-0.0490104 
-0.0805088 
-0.0836135 
-0.0527888 
0.00271012 
0.0765301 
0.152511 
0.221383 
0.283211 
0.31551 
0.31864 
0.298673 
0.256525 
0.181508 
0.107319 
0.0514865 
0.00590662 
0.0147709 
0.0747234 
0.156877 
0.282743 
0.479858 
0.731994 
0.947236 
1.10181 
1.15388 
1.1037 
0.812196 
0.45116 
0.233061 
0.0614347 
-0.0457163 
-0.108053 
-0.079553 
-0.0496166 
-0.00948324 
0.020651 
0.0713984 
0.129867 
0.173055 
0.222106 
0.249064 
0.248606 
0.239983 
0.214357 
0.181586 
0.141172 
0.105836 
0.0705902 
0.0425944 
0.03955 
0.0572602 
0.0782226 
0.0970728 
0.129926 
0.175546 
0.205196 
0.222165 
0.234517 
0.226999 
0.205192 
0.180586 
0.153205 
0.127314 
0.113325 
0.110022 
0.103528 
0.101302 
0.115122 
0.143559 
0.163439 
0.179462 
0.19076 
0.205027 
0.207071 
0.202922 
0.193899 
0.181962 
0.17261 
0.174091 
0.165809 
0.165253 
0.185045 
0.187006 
0.186238 
0.19951 
0.206604 
0.224944 
0.22011 
0.227786 
0.226507 
0.232104 
0.230125 
0.221393 
0.229726 
0.217257 
0.235207 
0.233082 
0.228736 
0.222616 
0.213853 
0.202039 
0.194145 
0.185348 
0.169354 
0.153005 
0.151941 
0.139676 
0.139252 
0.141505 
0.157475 
0.180019 
0.191609 
0.196286 
0.196427 
0.195551 
0.190353 
0.163567 
0.147006 
0.138096 
0.116971 
0.0970911 
0.0867558 
0.0887868 
0.0951146 
0.114241 
0.147505 
0.176316 
0.193317 
0.204678 
0.21727 
0.216812 
0.207495 
0.191771 
0.167717 
0.143539 
0.110251 
0.0949796 
0.0772347 
0.0768873 
0.0818215 
0.105014 
0.128861 
0.165173 
0.194031 
0.231222 
0.243009 
0.25264 
0.236026 
0.20955 
0.185457 
0.145478 
0.125476 
0.096257 
0.0699086 
0.0578383 
0.0814764 
0.0953729 
0.126812 
0.163403 
0.199651 
0.222364 
0.249515 
0.256242 
0.240523 
0.232367 
0.180506 
0.160982 
0.126616 
0.0949734 
0.0673733 
0.0783145 
0.0970996 
0.114163 
0.144649 
0.188631 
0.222717 
0.264381 
0.279241 
0.28789 
0.294063 
0.272994 
0.243795 
0.2041 
0.163462 
0.126465 
0.10136 
0.0929731 
0.0814713 
0.0827795 
0.105291 
0.14182 
0.178371 
0.209609 
0.220502 
0.212047 
0.210153 
0.196226 
0.167648 
0.133382 
0.0956472 
0.0693105 
0.0555738 
0.0337525 
0.0435839 
0.0627033 
0.0922409 
0.122421 
0.164182 
0.182179 
0.191269 
0.207582 
0.208756 
0.186123 
0.156188 
0.127948 
0.112185 
0.176195 
0.206027 
0.249958 
0.349907 
0.494586 
0.730999 
0.872244 
0.967244 
1.03633 
0.930855 
0.611438 
0.349985 
0.174618 
0.0653958 
0.0091867 
0.0154743 
0.0663536 
0.0703312 
0.0731644 
0.0693878 
0.0961339 
0.106544 
0.12623 
0.148912 
0.156794 
0.16302 
0.166282 
0.158804 
0.156437 
0.150427 
0.140963 
0.148188 
0.144637 
0.142877 
0.140091 
0.143535 
0.140926 
0.147497 
0.153872 
0.157041 
0.161592 
0.160713 
0.154739 
0.148365 
0.150636 
0.147887 
0.144519 
0.156788 
0.160766 
0.16658 
0.183888 
0.187544 
0.19766 
0.193258 
0.184976 
0.173716 
0.158796 
0.143149 
0.142157 
0.144123 
0.147961 
0.16461 
0.184007 
0.197336 
0.226552 
0.257168 
0.264436 
0.278134 
0.281941 
0.269262 
0.249193 
0.230436 
0.19535 
0.170948 
0.161422 
0.177958 
0.166558 
0.18276 
0.201739 
0.219404 
0.260903 
0.292945 
0.315551 
0.325368 
0.313189 
0.271275 
0.234841 
0.200781 
0.159472 
0.114691 
0.0851479 
0.0727186 
0.0782311 
0.0838493 
0.121224 
0.165878 
0.213967 
0.259465 
0.287384 
0.294726 
0.291323 
0.268191 
0.224525 
0.164852 
0.107714 
0.0586362 
0.0198015 
-0.00301642 
-0.00189918 
0.0307545 
0.0797566 
0.140854 
0.218192 
0.283653 
0.320193 
0.334293 
0.331273 
0.310653 
0.254638 
0.18129 
0.110975 
0.0522019 
0.00514284 
-0.0242685 
-0.0194661 
0.00276256 
0.0661129 
0.14004 
0.221443 
0.298558 
0.342785 
0.379323 
0.378835 
0.352453 
0.291764 
0.212484 
0.126305 
0.0461813 
-0.0156258 
-0.0494241 
-0.0496129 
-0.0156038 
0.048007 
0.124104 
0.208142 
0.309494 
0.362539 
0.414205 
0.417886 
0.383736 
0.324896 
0.244753 
0.148562 
0.076779 
0.00187821 
-0.0546085 
-0.0689594 
-0.0244503 
0.0409078 
0.13049 
0.226649 
0.332998 
0.426583 
0.477633 
0.479455 
0.454139 
0.386065 
0.28368 
0.164777 
0.0565345 
-0.0348371 
-0.0917368 
-0.10605 
-0.0736389 
-0.00889327 
0.0794638 
0.188645 
0.286713 
0.371501 
0.434056 
0.443348 
0.408299 
0.336076 
0.239626 
0.13235 
0.0130357 
-0.0794073 
-0.134189 
-0.137891 
-0.120888 
-0.0547805 
0.0394243 
0.156745 
0.265572 
0.370962 
0.431105 
0.448036 
0.416472 
0.35627 
0.265057 
0.203177 
0.167021 
0.123755 
0.1535 
0.278404 
0.469748 
0.677054 
0.838006 
1 
1.01863 
0.794557 
0.595056 
0.4686 
0.326377 
0.215683 
0.143574 
0.075907 
0.00292884 
-0.0681466 
-0.123975 
-0.142256 
-0.121913 
-0.0851081 
0.0155856 
0.139743 
0.244844 
0.347783 
0.411878 
0.434137 
0.418572 
0.366085 
0.279899 
0.175236 
0.0715788 
-0.0258497 
-0.0991075 
-0.129427 
-0.116711 
-0.0631253 
0.0292081 
0.139073 
0.240637 
0.33974 
0.408281 
0.446969 
0.427497 
0.381661 
0.295209 
0.201431 
0.103393 
0.0169799 
-0.0449388 
-0.0789726 
-0.0780907 
-0.0248027 
0.0527188 
0.149855 
0.251884 
0.343505 
0.411146 
0.444973 
0.455561 
0.407105 
0.348466 
0.265254 
0.161884 
0.0793823 
0.0213896 
-0.011301 
-0.00268619 
0.0308237 
0.0961937 
0.176627 
0.2721 
0.358578 
0.427537 
0.464301 
0.47416 
0.436797 
0.368507 
0.288383 
0.202204 
0.11871 
0.0500796 
0.00874423 
-0.000827462 
0.0174372 
0.0678961 
0.139722 
0.212849 
0.283048 
0.324684 
0.35439 
0.352009 
0.328414 
0.283888 
0.215139 
0.136055 
0.0663875 
0.00820062 
-0.0145871 
-0.0131986 
0.00196272 
0.0473453 
0.113785 
0.172048 
0.233756 
0.282391 
0.311091 
0.308221 
0.29722 
0.251092 
0.205396 
0.140512 
0.0918479 
0.0421853 
0.0216278 
0.0107968 
0.0311948 
0.066034 
0.117691 
0.164215 
0.221733 
0.264584 
0.276916 
0.277241 
0.275185 
0.248205 
0.201884 
0.160524 
0.127761 
0.107436 
0.0821474 
0.065311 
0.0829072 
0.110213 
0.137227 
0.179091 
0.21857 
0.237353 
0.248857 
0.253316 
0.245758 
0.223176 
0.187225 
0.161951 
0.140112 
0.115096 
0.107117 
0.10306 
0.135306 
0.147351 
0.159454 
0.184845 
0.189414 
0.212305 
0.236157 
0.238363 
0.242155 
0.217249 
0.212768 
0.200455 
0.189195 
0.195499 
0.178456 
0.176109 
0.185919 
0.192497 
0.185712 
0.188202 
0.180122 
0.166416 
0.168141 
0.157586 
0.144998 
0.151122 
0.150567 
0.153434 
0.154127 
0.159352 
0.162423 
0.166781 
0.172281 
0.171411 
0.16749 
0.153263 
0.13928 
0.13095 
0.114553 
0.10394 
0.108126 
0.119006 
0.119247 
0.128412 
0.141928 
0.145581 
0.174196 
0.177854 
0.185983 
0.192454 
0.246697 
0.303316 
0.330835 
0.416704 
0.532507 
0.708876 
0.831778 
0.916584 
0.963056 
0.831924 
0.563317 
0.328715 
0.195698 
0.107038 
0.0695293 
0.0907925 
0.113396 
0.122211 
0.113222 
0.0831299 
0.0690266 
0.0592257 
0.0609833 
0.0722845 
0.091751 
0.114831 
0.147965 
0.187573 
0.217697 
0.230501 
0.234347 
0.226655 
0.20768 
0.184489 
0.144614 
0.113023 
0.090002 
0.0692826 
0.0620513 
0.0812404 
0.0964909 
0.126489 
0.158758 
0.209 
0.240229 
0.266919 
0.26518 
0.249178 
0.235305 
0.19509 
0.14939 
0.119102 
0.0880774 
0.0742903 
0.0751875 
0.0774786 
0.104295 
0.15095 
0.192626 
0.230598 
0.262847 
0.301188 
0.30636 
0.298614 
0.29059 
0.260799 
0.21981 
0.190779 
0.162295 
0.14019 
0.136124 
0.14591 
0.16725 
0.195802 
0.231433 
0.259998 
0.299463 
0.322328 
0.323202 
0.330169 
0.311714 
0.283136 
0.246401 
0.197677 
0.16687 
0.138017 
0.12127 
0.117913 
0.134628 
0.144789 
0.183779 
0.201067 
0.227646 
0.247113 
0.255533 
0.245148 
0.235553 
0.201076 
0.175305 
0.148618 
0.11792 
0.0979239 
0.0901697 
0.092997 
0.105589 
0.130418 
0.153682 
0.178983 
0.200141 
0.214935 
0.225945 
0.216732 
0.200223 
0.188689 
0.168886 
0.148918 
0.131796 
0.11765 
0.108542 
0.116525 
0.124559 
0.137129 
0.151964 
0.166615 
0.180505 
0.203505 
0.206356 
0.197299 
0.2076 
0.191118 
0.197089 
0.173886 
0.158471 
0.160929 
0.154091 
0.161421 
0.159823 
0.156003 
0.16409 
0.186529 
0.188318 
0.179413 
0.174758 
0.182832 
0.177649 
0.161701 
0.165936 
0.177581 
0.191545 
0.198137 
0.194775 
0.197778 
0.194084 
0.190916 
0.190043 
0.178783 
0.179729 
0.17129 
0.156299 
0.154002 
0.165719 
0.184626 
0.186742 
0.212246 
0.231303 
0.243846 
0.279457 
0.276686 
0.249199 
0.244546 
0.208471 
0.189372 
0.140382 
0.106103 
0.0803571 
0.0511906 
0.0644989 
0.0779398 
0.102813 
0.142101 
0.173659 
0.20258 
0.235887 
0.241177 
0.234775 
0.213231 
0.181618 
0.140296 
0.0976836 
0.0595095 
0.0311019 
0.0266986 
0.0336521 
0.0489783 
0.0821461 
0.130102 
0.178208 
0.217944 
0.251163 
0.279501 
0.333495 
0.376618 
0.396543 
0.450017 
0.531543 
0.645573 
0.749562 
0.841045 
0.846116 
0.820565 
0.595957 
0.371278 
0.250395 
0.180623 
0.155244 
0.187509 
0.25099 
0.254639 
0.23069 
0.176354 
0.111179 
0.0467599 
-0.0191022 
-0.0483445 
-0.0517721 
-0.0258324 
0.0357339 
0.109065 
0.189036 
0.270395 
0.337853 
0.376368 
0.371558 
0.336376 
0.280655 
0.201375 
0.110426 
0.0213603 
-0.0346838 
-0.0684821 
-0.0686709 
-0.0374438 
0.015436 
0.113989 
0.213014 
0.299282 
0.366198 
0.39693 
0.414726 
0.372825 
0.306694 
0.225871 
0.121941 
0.050047 
-0.0398178 
-0.0788095 
-0.0629894 
-0.0367143 
0.0333118 
0.132683 
0.231334 
0.331451 
0.411556 
0.462519 
0.472703 
0.444212 
0.387608 
0.296235 
0.190454 
0.0889335 
0.00983787 
-0.0346848 
-0.049165 
-0.0143029 
0.0570717 
0.150837 
0.265384 
0.368849 
0.44926 
0.506423 
0.52828 
0.486633 
0.422955 
0.31662 
0.192702 
0.0975367 
-0.000363278 
-0.0730871 
-0.111903 
-0.0912347 
-0.0231245 
0.0823053 
0.196105 
0.293549 
0.39107 
0.43929 
0.454907 
0.416363 
0.357698 
0.263856 
0.149874 
0.0421926 
-0.0555134 
-0.11621 
-0.134387 
-0.110602 
-0.0454136 
0.0514093 

